haematocrit,haemoglobins,erythrocyte,leucocyte,thrombocyte,mch,mchc,mcv,age,sex,source
37.2,12.5,4.54,11.8,273,27.5,33.6,81.9,80,F,0
38.2,12.9,4.53,11.7,452,28.5,33.8,84.3,66,M,1
37.2,12.4,4.95,6.7,289,25.1,33.3,75.2,72,F,0
32.1,10.4,3.26,7.6,267,31.9,32.4,98.5,79,F,1
32.1,10.6,3.73,13.3,272,28.4,33.0,86.1,3,F,1
35.4,12.3,4.18,10.5,145,29.4,34.7,84.7,43,F,0
35.1,11.8,3.98,18.9,259,29.6,33.6,88.2,56,F,0
39.2,13.4,4.62,10.5,230,29.0,34.2,84.8,65,M,0
38.0,11.9,4.26,8.6,296,27.9,31.3,89.2,62,F,0
41.8,14.0,5.15,12.1,284,27.2,33.5,81.2,45,M,0
46.6,15.6,5.52,7.8,325,28.3,33.5,84.4,23,M,0
27.8,9.3,3.17,5.6,226,29.3,33.5,87.7,77,F,1
43.4,14.6,5.43,8.9,327,26.9,33.6,79.9,50,M,0
46.3,15.8,5.46,12.4,332,28.9,34.1,84.8,28,M,0
39.8,13.1,4.38,7.2,290,29.9,32.9,90.9,64,F,0
32.7,10.8,3.45,3.2,207,31.3,33.0,94.8,81,M,0
39.9,13.7,4.73,14.5,394,29.0,34.3,84.4,63,M,1
37.6,12.8,3.59,3.9,90,35.7,34.0,104.7,78,M,0
35.3,11.8,4.03,8.2,380,29.3,33.4,87.6,47,F,1
43.4,14.3,5.16,12.5,247,27.7,32.9,84.1,40,F,1
28.8,10.0,3.59,7.1,259,27.9,34.7,80.2,25,F,0
35.5,12.1,4.13,3.9,251,29.3,34.1,86.0,54,F,0
43.7,14.5,4.99,10.0,291,29.1,33.2,87.6,57,M,0
33.7,10.8,3.94,10.4,238,27.4,32.0,85.5,32,F,1
38.8,12.6,4.27,8.7,361,29.5,32.5,90.9,27,F,0
32.7,10.4,3.84,6.9,252,27.1,31.8,85.2,83,M,0
47.8,16.3,5.65,7.7,218,28.8,34.1,84.6,21,M,0
29.7,9.1,4.23,13.8,315,21.5,30.6,70.2,33,F,0
38.4,13.2,4.48,17.3,284,29.5,34.4,85.7,49,F,0
39.0,13.1,4.21,9.3,215,31.1,33.6,92.6,72,M,0
48.7,16.9,5.6,17.1,236,30.2,34.7,87.0,36,M,0
36.5,12.4,4.32,4.8,111,28.7,34.0,84.5,25,F,1
48.8,16.7,5.64,4.5,292,29.6,34.2,86.5,43,M,0
32.6,11.4,3.8,7.9,167,30.0,35.0,85.8,59,M,1
41.0,13.4,5.01,11.8,248,26.7,32.7,81.8,24,F,0
30.4,10.5,3.56,3.9,140,29.5,34.5,85.4,87,M,0
39.9,13.4,4.43,7.1,150,30.2,33.6,90.1,59,M,0
40.7,13.7,4.61,8.3,242,29.7,33.7,88.3,68,F,0
44.4,14.7,4.9,6.2,280,30.0,33.1,90.6,23,F,0
35.9,12.5,3.99,6.5,169,31.3,34.8,90.0,73,M,0
48.0,16.3,5.74,9.0,200,28.4,34.0,83.6,35,M,0
45.1,15.5,5.36,9.2,338,28.9,34.4,84.1,19,M,0
25.3,7.9,3.04,5.9,150,26.0,31.2,83.2,58,M,1
40.0,14.0,4.49,6.9,194,31.2,35.0,89.1,22,F,0
42.6,14.4,5.36,13.8,346,26.9,33.8,79.5,43,M,0
41.9,13.5,4.67,8.5,296,28.9,32.2,89.7,70,M,0
36.7,12.2,3.64,9.0,152,33.5,33.2,100.8,87,F,1
32.6,9.4,5.84,6.8,349,16.1,28.8,55.8,32,F,0
27.3,8.4,3.35,1.9,63,25.1,30.8,81.5,26,M,1
46.3,15.3,6.03,9.8,147,25.4,33.0,76.8,31,M,1
35.7,12.3,4.51,4.1,145,27.3,34.5,79.2,10,M,1
39.3,13.5,5.12,6.4,100,26.4,34.4,76.8,14,M,1
51.1,16.8,6.14,7.0,291,27.4,32.9,83.2,22,M,0
41.8,14.2,4.68,8.2,197,30.3,34.0,89.3,31,F,0
41.0,14.3,4.81,11.7,413,29.7,34.9,85.2,43,F,0
42.8,13.9,6.28,10.8,393,22.1,32.5,68.2,69,F,1
30.7,10.8,4.16,5.6,331,26.0,35.2,73.8,73,F,0
46.2,16.1,5.67,5.6,175,28.4,34.8,81.5,32,M,0
35.4,11.7,4.04,12.3,274,29.0,33.1,87.6,35,F,1
38.8,13.5,5.07,6.3,187,26.6,34.8,76.5,8,M,0
26.9,8.9,3.28,9.4,219,27.1,33.1,82.0,74,M,1
36.0,12.1,3.9,6.5,244,31.0,33.6,92.3,78,F,0
45.9,15.0,5.59,6.0,255,26.8,32.7,82.1,21,M,0
44.3,14.7,5.5,4.9,256,26.7,33.2,80.5,30,M,0
48.3,16.6,5.76,6.2,214,28.8,34.4,83.9,57,M,0
31.8,10.5,3.81,6.4,258,27.6,33.0,83.5,41,F,0
39.2,13.4,4.66,3.9,153,28.8,34.2,84.1,69,M,0
30.3,10.4,3.69,16.4,297,28.2,34.3,82.1,59,M,1
40.7,13.5,4.19,5.6,341,32.2,33.2,97.1,61,M,0
27.0,9.6,3.02,9.9,98,31.8,35.6,89.4,52,F,1
27.5,9.1,3.71,19.2,40,24.5,33.1,74.1,68,M,1
38.5,12.6,4.83,8.3,320,26.1,32.7,79.7,2,F,0
40.5,13.8,4.27,8.4,729,32.3,34.1,94.8,64,M,1
45.1,15.2,5.2,6.0,251,29.2,33.7,86.7,33,M,0
46.2,15.8,5.62,11.9,254,28.1,34.2,82.2,48,M,0
30.5,9.8,3.98,11.9,315,24.6,32.1,76.6,36,F,0
40.7,13.1,4.48,7.4,332,29.2,32.2,90.8,22,F,0
28.5,9.0,3.05,9.1,364,29.5,31.6,93.4,63,M,1
28.0,10.7,4.1,9.1,361,26.1,38.2,68.3,65,F,0
39.6,14.0,4.78,15.7,290,29.3,35.4,82.8,62,M,1
38.0,11.8,4.16,9.0,237,28.4,31.1,91.3,56,F,1
31.9,10.7,3.68,10.0,206,29.1,33.5,86.7,27,F,0
40.2,12.7,4.72,11.9,160,26.9,31.6,85.2,74,M,1
44.5,14.8,4.63,9.1,895,32.0,33.3,96.1,64,M,1
35.1,11.6,4.24,7.8,256,27.4,33.0,82.8,31,F,0
27.6,8.9,3.59,16.5,308,24.8,32.2,76.9,81,M,1
41.5,14.6,4.46,10.0,236,32.7,35.2,93.0,64,M,0
41.9,13.7,5.56,8.6,319,24.6,32.7,75.4,51,M,0
42.5,14.1,5.07,5.5,242,27.8,33.2,83.8,30,M,1
43.3,14.6,4.93,5.8,276,29.6,33.7,87.8,34,F,0
31.2,10.7,3.43,9.6,303,31.2,34.3,91.0,32,F,1
27.5,9.3,3.18,5.3,190,29.2,33.8,86.5,56,M,1
36.1,12.2,4.44,3.9,171,27.5,33.8,81.3,77,F,1
31.3,10.7,3.36,7.1,307,31.8,34.2,93.2,72,M,0
35.1,11.8,3.72,6.7,196,31.7,33.6,94.4,80,F,0
41.7,14.1,4.75,9.4,256,29.7,33.8,87.8,67,M,0
33.7,10.9,4.24,10.8,222,25.7,32.3,79.5,32,F,0
28.0,9.5,3.3,13.0,210,28.8,33.9,84.8,62,F,1
32.3,10.8,3.62,15.2,215,29.8,33.4,89.2,59,M,1
34.5,9.8,5.75,15.4,548,17.0,28.4,60.0,1,M,0
32.5,9.9,4.36,6.1,440,22.7,30.5,74.5,47,F,1
42.0,13.8,4.8,18.6,320,28.8,32.9,87.5,67,M,0
46.6,15.3,5.75,5.2,186,26.6,32.8,81.0,25,M,0
39.5,13.2,4.35,7.5,178,30.3,33.4,90.8,76,F,1
46.8,15.6,5.65,10.6,222,27.6,33.3,82.8,30,M,0
25.2,8.5,3.01,12.5,105,28.2,33.7,83.7,65,F,1
33.5,11.1,4.4,8.4,315,25.2,33.1,76.1,2,F,0
26.6,8.6,3.21,7.0,221,26.8,32.3,82.9,56,M,0
45.6,15.3,4.81,7.6,179,31.8,33.6,94.8,76,M,0
35.0,11.4,3.97,7.7,314,28.7,32.6,88.2,59,M,0
24.2,8.3,2.53,6.5,150,32.8,34.3,95.7,60,M,1
30.7,10.4,3.7,25.4,120,28.1,33.9,83.0,34,M,1
37.7,13.0,4.67,4.2,181,27.8,34.5,80.7,4,F,1
41.6,13.9,4.69,4.4,335,29.6,33.4,88.7,40,M,0
42.6,14.1,4.92,8.6,356,28.7,33.1,86.6,34,M,1
35.6,11.9,4.59,8.6,254,25.9,33.4,77.6,56,F,1
50.7,16.7,5.86,8.1,330,28.5,32.9,86.5,16,M,0
39.6,13.5,4.52,8.9,299,29.9,34.1,87.6,52,M,1
36.5,12.4,4.21,9.1,294,29.5,34.0,86.7,67,M,0
42.4,13.5,5.07,5.1,310,26.6,31.8,83.6,58,F,0
40.7,13.8,4.42,9.8,291,31.2,33.9,92.1,27,F,0
43.4,14.1,4.81,6.0,108,29.3,32.5,90.2,55,M,0
48.5,15.5,5.82,4.4,284,26.6,32.0,83.3,49,M,0
39.0,13.2,4.96,33.3,497,26.6,33.8,78.6,41,M,0
23.6,8.0,3.39,24.4,334,23.6,33.9,69.6,67,F,1
41.5,13.4,4.44,6.2,244,30.2,32.3,93.5,27,M,0
39.6,12.3,5.01,9.6,338,24.6,31.1,79.0,21,M,0
38.1,13.2,4.6,5.9,150,28.7,34.6,82.8,25,M,1
42.2,14.2,4.52,10.6,340,31.4,33.6,93.4,63,F,0
35.9,11.9,4.25,21.1,343,28.0,33.1,84.5,41,F,0
43.8,14.0,5.43,7.4,352,25.8,32.0,80.7,41,M,0
36.7,11.7,4.06,9.2,262,28.8,31.9,90.4,70,F,0
37.6,12.5,4.25,5.0,315,29.4,33.2,88.5,49,F,1
31.0,10.2,3.89,6.5,390,26.2,32.9,79.7,70,F,1
46.4,16.2,5.28,8.3,233,30.7,34.9,87.9,42,M,0
40.1,13.4,4.47,8.8,263,30.0,33.4,89.7,22,F,0
23.3,8.0,2.37,4.4,156,33.8,34.3,98.3,72,M,0
39.1,13.1,4.49,10.2,540,29.2,33.5,87.1,67,M,1
41.7,13.6,5.13,8.6,299,26.5,32.6,81.3,73,M,0
39.2,12.9,4.49,17.6,437,28.7,32.9,87.3,81,F,0
36.4,12.3,4.8,7.8,321,25.6,33.8,75.8,6,F,0
34.5,10.2,5.12,6.6,268,19.9,29.6,67.4,25,F,0
41.3,13.5,4.68,24.8,176,28.8,32.7,88.2,86,M,0
35.9,11.3,4.51,5.0,151,25.1,31.5,79.6,57,M,0
42.8,14.1,5.26,3.1,255,26.8,32.9,81.4,12,M,0
40.6,13.9,5.04,3.3,174,27.6,34.2,80.6,29,M,1
40.2,13.3,4.24,7.7,281,31.4,33.1,94.8,76,F,0
31.6,10.4,3.86,10.9,242,26.9,32.9,81.9,67,F,0
33.6,11.6,3.88,7.2,128,29.9,34.5,86.6,76,M,1
41.0,13.3,4.66,5.1,295,28.5,32.4,88.0,49,F,1
45.3,15.5,5.34,17.4,328,29.0,34.2,84.8,33,M,0
37.1,12.2,4.6,6.5,285,26.5,32.9,80.7,25,F,0
30.5,10.0,3.66,7.3,529,27.3,32.8,83.3,65,M,1
42.9,14.4,4.74,11.5,179,30.4,33.6,90.5,77,M,0
27.8,9.7,3.33,13.0,188,29.1,34.9,83.5,63,M,1
36.0,11.8,4.12,7.0,394,28.6,32.8,87.4,57,F,0
34.4,10.9,3.59,19.2,156,30.4,31.7,95.8,87,F,1
41.5,13.9,4.79,8.3,335,29.0,33.5,86.6,50,F,0
37.0,12.1,3.83,7.3,231,31.6,32.7,96.6,75,M,0
34.2,11.4,4.07,9.3,707,28.0,33.3,84.0,46,F,0
31.6,10.2,3.5,12.9,168,29.1,32.3,90.3,29,F,1
41.6,13.9,5.05,15.0,212,27.5,33.4,82.4,36,F,0
27.4,9.1,3.17,24.7,316,28.7,33.2,86.4,72,M,1
31.4,10.5,3.81,18.4,153,27.6,33.4,82.4,35,F,1
28.7,9.6,3.25,4.1,210,29.5,33.4,88.3,80,M,1
33.7,10.4,5.38,12.0,265,19.3,30.9,62.6,2,F,0
47.2,16.0,5.47,7.7,355,29.3,33.9,86.3,25,M,0
48.8,16.3,5.59,6.9,229,29.2,33.4,87.3,51,M,1
47.2,15.4,5.75,8.7,364,26.8,32.6,82.1,46,M,1
36.2,12.5,4.22,3.3,154,29.6,34.5,85.8,30,M,1
40.0,13.3,4.55,4.6,243,29.2,33.3,87.9,68,F,1
40.6,13.0,5.01,4.6,149,25.9,32.0,81.0,29,F,1
44.4,14.7,5.39,5.6,247,27.3,33.1,82.4,30,M,0
44.7,15.0,5.06,4.3,131,29.6,33.6,88.3,32,F,0
47.0,15.3,5.56,4.7,169,27.5,32.6,84.5,39,M,0
45.4,14.3,5.75,9.9,315,24.9,31.5,79.0,27,F,0
30.0,9.7,3.7,6.1,381,26.2,32.3,81.1,65,M,0
38.7,13.1,4.23,8.6,270,31.0,33.9,91.5,76,M,0
40.7,13.8,4.6,6.3,208,30.0,33.9,88.5,60,F,1
36.0,12.0,4.13,13.2,245,29.1,33.3,87.2,66,F,1
44.3,14.8,5.2,6.7,347,28.5,33.4,85.2,26,M,0
45.1,14.5,5.06,6.7,450,28.7,32.2,89.1,44,M,0
47.5,16.6,5.84,7.4,244,28.4,34.9,81.3,26,M,0
47.2,15.8,5.6,13.1,389,28.2,33.5,84.3,36,M,0
32.4,10.4,5.15,4.6,258,20.2,32.1,62.9,3,M,1
48.5,16.6,5.46,6.4,281,30.4,34.2,88.8,33,M,0
39.7,13.8,4.75,2.8,60,29.1,34.8,83.6,25,M,0
44.9,15.3,5.64,9.3,323,27.1,34.1,79.6,13,F,0
39.4,13.2,4.13,10.2,205,32.0,33.5,95.4,72,M,0
27.8,9.0,3.14,5.5,185,28.7,32.4,88.5,76,F,1
42.5,13.4,4.99,8.0,347,26.9,31.5,85.2,47,M,0
39.4,13.2,4.17,7.1,177,31.7,33.5,94.5,69,M,0
43.2,14.2,5.01,6.3,196,28.3,32.9,86.2,51,M,1
42.2,14.5,4.8,7.4,334,30.2,34.4,87.9,66,M,0
38.3,11.4,5.43,13.4,633,21.0,29.8,70.5,53,F,0
45.2,13.7,6.64,6.4,375,20.6,30.3,68.1,52,M,0
49.6,17.1,5.5,16.3,248,31.1,34.5,90.2,72,F,0
26.4,8.2,3.71,16.4,214,22.1,31.1,71.2,44,M,1
45.4,14.8,5.22,5.8,283,28.4,32.6,87.0,58,F,0
25.8,8.4,2.88,27.6,182,29.2,32.6,89.6,53,F,1
39.8,13.8,4.47,4.7,207,30.9,34.7,89.0,37,F,0
46.9,15.8,5.67,5.5,50,27.9,33.7,82.7,22,M,1
28.9,9.6,3.24,8.6,60,29.6,33.2,89.2,91,F,1
36.4,12.0,4.24,15.9,273,28.3,33.0,85.8,67,F,0
37.4,12.7,4.3,7.9,151,29.5,34.0,87.0,68,M,1
26.6,8.7,2.94,5.9,47,29.6,32.7,90.5,91,F,1
40.6,13.3,4.3,6.8,221,30.9,32.8,94.4,60,M,1
55.3,17.9,6.61,10.3,340,27.1,32.4,83.7,38,M,0
34.4,12.0,3.59,3.9,84,33.4,34.9,95.8,77,M,0
44.7,15.5,5.54,20.8,269,28.0,34.7,80.7,54,M,0
38.4,12.3,4.37,9.0,193,28.1,32.0,87.9,74,M,1
25.1,9.2,3.09,11.0,212,29.8,36.7,81.2,69,F,1
28.4,8.7,3.85,5.6,244,22.6,30.6,73.8,46,F,0
32.2,10.7,4.34,7.1,240,24.7,33.2,74.2,25,F,0
37.1,12.0,3.81,7.5,202,31.5,32.3,97.4,84,F,0
40.1,13.4,4.58,13.4,235,29.3,33.4,87.6,30,M,1
25.8,8.6,2.59,5.8,62,33.2,33.3,99.6,79,F,0
33.5,11.3,3.58,20.5,193,31.6,33.7,93.6,57,M,1
34.6,10.8,3.86,21.1,346,28.0,31.2,89.6,67,F,1
34.3,11.6,4.53,6.6,185,25.6,33.8,75.7,1,M,0
38.5,12.9,4.75,2.8,121,27.2,33.5,81.1,8,M,1
30.2,9.9,3.32,6.8,181,29.8,32.8,91.0,70,M,1
32.2,10.7,3.56,8.7,226,30.1,33.2,90.4,60,M,1
36.6,11.3,4.4,5.4,349,25.7,30.9,83.2,33,M,1
41.7,13.8,4.99,9.6,295,27.7,33.1,83.6,28,F,0
45.8,15.1,5.36,5.4,210,28.2,33.0,85.4,28,M,0
42.8,14.8,4.82,11.5,192,30.7,34.6,88.8,63,M,1
46.6,15.4,5.37,4.5,170,28.7,33.0,86.8,20,M,0
45.0,15.0,5.08,4.9,261,29.5,33.3,88.6,34,M,0
41.6,13.4,5.03,8.0,286,26.6,32.2,82.7,43,F,0
41.8,14.4,4.83,9.7,453,29.8,34.4,86.5,60,F,0
37.3,12.3,4.53,7.2,349,27.2,33.0,82.3,60,F,0
34.4,11.4,3.57,4.2,222,31.9,33.1,96.4,66,F,0
31.1,9.4,3.94,5.0,411,23.9,30.2,78.9,35,F,1
31.0,9.5,3.65,14.8,166,26.0,30.6,84.9,65,M,1
31.2,9.7,3.52,10.6,293,27.6,31.1,88.6,65,F,0
43.9,14.6,5.26,6.4,97,27.8,33.3,83.5,33,F,1
30.5,10.3,3.37,6.0,180,30.6,33.8,90.5,70,M,1
38.9,12.8,4.28,6.3,229,29.9,32.9,90.9,75,F,0
35.4,13.0,4.24,6.6,295,30.7,36.7,83.5,47,F,0
42.6,13.7,4.87,8.8,238,28.1,32.2,87.5,55,M,0
34.8,10.7,5.86,8.6,277,18.3,30.7,59.4,17,F,0
22.5,8.1,2.72,4.6,28,29.8,36.0,82.7,70,M,1
30.4,10.4,3.67,12.1,398,28.3,34.2,82.8,51,F,1
42.3,14.9,5.22,5.3,50,28.5,35.2,81.0,45,M,1
36.7,11.6,4.04,5.9,331,28.7,31.6,90.8,62,F,0
47.4,15.9,5.64,2.9,130,28.2,33.5,84.0,22,M,0
27.8,8.9,3.18,7.8,345,28.0,32.0,87.4,80,F,0
34.4,11.3,3.72,4.6,224,30.4,32.8,92.5,58,M,1
48.0,16.3,5.51,3.5,120,29.6,34.0,87.1,25,M,0
39.9,12.6,4.53,8.1,294,27.8,31.6,88.1,34,F,0
42.2,14.3,4.96,4.2,307,28.8,33.9,85.1,19,M,0
47.5,15.7,5.21,6.9,251,30.1,33.1,91.2,43,M,0
39.7,13.1,4.58,16.9,156,28.6,33.0,86.7,55,M,0
36.8,12.6,4.29,5.9,226,29.4,34.2,85.8,68,F,0
38.6,12.7,4.55,7.6,53,27.9,32.9,84.8,49,F,1
44.7,15.1,5.19,5.2,255,29.1,33.8,86.1,35,M,0
39.1,12.4,4.86,7.1,288,25.5,31.7,80.5,17,F,0
31.8,10.6,4.22,8.6,25,25.1,33.3,75.4,54,F,0
41.1,14.1,4.98,19.0,231,28.3,34.3,82.5,61,M,1
31.8,9.1,4.32,4.8,395,21.1,28.6,73.6,71,F,0
26.4,7.4,4.66,8.6,367,15.9,28.0,56.7,22,F,0
36.8,12.4,3.95,8.4,175,31.4,33.7,93.2,75,M,0
32.9,11.1,3.85,5.9,223,28.8,33.7,85.5,77,F,1
33.0,10.9,3.88,10.2,331,28.1,33.0,85.1,27,F,0
36.1,11.9,4.13,7.3,236,28.8,33.0,87.4,48,F,0
43.0,14.5,4.45,6.2,255,32.6,33.7,96.6,67,M,0
45.5,15.4,5.46,6.3,215,28.2,33.8,83.3,18,M,0
37.1,12.3,4.4,9.1,362,28.0,33.2,84.3,47,F,0
36.7,12.1,4.21,11.3,301,28.7,33.0,87.2,70,F,0
30.5,10.0,3.17,9.8,162,31.5,32.8,96.2,26,F,1
43.2,13.5,6.51,5.9,126,20.7,31.3,66.4,36,M,1
40.5,12.7,4.57,6.2,386,27.8,31.4,88.6,70,F,0
38.2,11.6,5.08,6.9,399,22.8,30.4,75.2,2,F,1
45.1,15.8,5.54,11.0,322,28.5,35.0,81.4,24,M,0
44.3,14.7,5.24,4.1,187,28.1,33.2,84.5,44,M,0
39.4,12.8,4.66,3.8,309,27.5,32.5,84.5,59,F,0
42.6,14.4,5.44,3.6,268,26.5,33.8,78.3,11,M,0
40.7,13.4,4.98,3.1,198,26.9,32.9,81.7,26,F,0
41.5,14.0,4.74,6.8,219,29.5,33.7,87.6,63,M,0
38.3,12.8,5.05,8.3,223,25.3,33.4,75.8,6,F,0
28.8,9.4,3.19,8.3,260,29.5,32.6,90.3,70,F,1
33.2,11.2,3.47,7.2,235,32.3,33.7,95.7,93,F,0
40.4,13.6,4.53,7.1,288,30.0,33.7,89.2,37,F,0
37.4,12.7,4.82,9.3,409,26.3,34.0,77.6,2,F,0
37.1,12.4,4.65,11.4,370,26.7,33.4,79.8,79,F,0
35.6,11.8,4.04,7.9,274,29.2,33.1,88.1,33,F,0
42.5,13.7,4.97,5.1,280,27.6,32.2,85.5,55,F,0
39.5,13.1,4.51,4.0,262,29.0,33.2,87.6,46,F,1
33.8,12.1,3.82,4.4,88,31.7,35.8,88.5,77,M,1
37.1,12.2,4.46,5.4,290,27.4,32.9,83.2,45,F,0
38.7,13.1,4.37,8.4,244,30.0,33.9,88.6,46,F,1
41.7,13.8,4.96,6.1,247,27.8,33.1,84.1,39,M,1
41.3,14.5,4.38,6.2,110,33.1,35.1,94.3,40,M,1
38.6,12.8,4.22,9.6,169,30.3,33.2,91.5,70,F,1
24.4,8.1,2.82,19.8,350,28.7,33.2,86.5,65,F,1
40.3,13.5,4.53,7.6,254,29.8,33.5,89.0,67,M,0
32.4,11.0,3.72,9.2,294,29.6,34.0,87.1,30,F,0
37.3,11.6,5.08,17.3,397,22.8,31.1,73.4,6,F,1
42.6,13.4,6.17,15.3,265,21.7,31.5,69.0,17,M,1
32.0,10.8,3.58,9.0,452,30.2,33.8,89.4,70,M,0
39.0,13.1,4.03,5.5,260,32.5,33.6,96.8,70,F,0
46.2,15.8,5.15,6.2,362,30.7,34.2,89.7,26,M,0
42.1,14.2,4.76,16.7,100,29.8,33.7,88.4,51,M,1
33.6,10.3,3.72,14.0,283,27.7,30.7,90.3,67,F,1
42.2,14.4,4.81,5.4,207,29.9,34.1,87.7,69,M,0
42.7,14.9,4.93,5.1,206,30.2,34.9,86.6,50,M,0
42.3,14.2,4.9,7.1,327,29.0,33.6,86.3,47,M,0
43.9,14.7,4.92,4.5,321,29.9,33.5,89.2,25,M,0
43.2,14.5,5.01,6.9,278,28.9,33.6,86.2,66,M,0
30.6,9.7,3.55,8.4,375,27.3,31.7,86.2,61,M,1
39.1,12.4,5.73,10.5,382,21.6,31.7,68.2,29,M,0
47.4,16.4,5.94,9.1,259,27.6,34.6,79.8,32,M,0
40.8,13.6,4.3,5.6,227,31.6,33.3,94.9,73,M,0
30.7,9.7,4.17,15.2,166,23.3,31.6,73.6,68,M,1
45.1,15.2,5.23,9.6,334,29.1,33.7,86.2,34,M,0
26.8,8.8,2.98,10.3,486,29.5,32.8,89.9,44,M,1
34.9,11.4,4.17,5.0,263,27.3,32.7,83.7,45,F,0
39.4,13.4,4.93,2.4,30,27.2,34.0,79.9,29,F,1
41.9,14.3,5.19,5.1,187,27.6,34.1,80.7,15,M,0
40.7,13.5,4.65,4.2,130,29.0,33.2,87.5,46,F,1
36.1,12.1,4.06,5.0,94,29.8,33.5,88.9,45,F,1
38.3,13.0,4.41,10.9,325,29.5,33.9,86.8,54,F,1
35.8,11.9,4.4,4.1,196,27.0,33.2,81.4,33,F,0
44.5,14.9,5.51,7.2,71,27.0,33.5,80.8,19,M,1
45.0,14.4,4.76,9.5,324,30.3,32.0,94.5,58,F,0
41.3,14.1,4.83,7.2,316,29.2,34.1,85.5,41,M,0
23.2,7.7,2.59,2.3,131,29.7,33.2,89.6,87,M,1
42.5,14.8,4.89,4.0,220,30.3,34.8,86.9,33,M,1
44.3,15.0,4.92,17.8,374,30.5,33.9,90.0,40,M,0
69.0,12.1,4.04,6.2,307,30.0,34.8,86.1,69,M,0
31.0,10.1,5.05,17.1,424,20.0,32.6,61.4,45,M,1
43.9,14.9,5.2,2.6,70,28.7,33.9,84.4,45,M,1
41.9,14.6,5.26,17.4,303,27.8,34.8,79.7,9,M,0
39.6,12.3,5.98,9.7,273,20.6,31.1,66.2,22,F,0
26.4,8.9,3.09,31.2,268,28.8,33.7,85.4,59,F,1
48.3,17.1,5.66,8.5,300,30.2,35.4,85.3,70,M,0
38.0,13.1,4.51,13.8,425,29.0,34.5,84.3,51,M,1
33.2,11.6,3.87,14.3,196,30.0,34.9,85.8,32,F,0
38.1,13.3,4.43,16.3,209,30.0,34.9,86.0,60,M,1
36.8,11.7,4.76,8.1,267,24.6,31.8,77.3,3,F,1
33.5,11.5,4.63,6.7,53,24.8,34.3,72.4,7,M,1
39.3,12.8,4.35,12.5,270,29.4,32.6,90.3,70,F,1
34.1,11.0,3.66,11.5,872,30.1,32.3,93.2,70,M,0
42.4,13.8,5.07,7.8,336,27.2,32.5,83.6,28,M,0
38.6,13.4,4.53,4.3,60,29.6,34.7,85.2,44,F,1
26.4,8.2,2.79,8.0,326,29.4,31.1,94.6,63,M,1
33.5,11.5,3.79,5.9,152,30.3,34.3,88.4,27,F,0
40.4,13.2,4.84,8.5,340,27.3,32.7,83.5,27,F,0
37.7,13.2,4.3,2.0,77,30.7,35.0,87.7,61,F,1
42.3,13.5,4.96,6.2,176,27.2,31.9,85.3,78,M,0
36.7,12.4,4.19,6.1,251,29.6,33.8,87.6,21,F,0
39.2,13.2,4.73,6.0,251,27.9,33.7,82.9,41,F,0
37.2,12.7,4.19,7.7,233,30.3,34.1,88.8,58,M,0
43.0,14.6,5.33,3.9,91,27.4,34.0,80.7,22,M,1
27.4,9.2,3.08,7.5,73,29.9,33.6,89.0,76,M,1
48.9,16.3,5.81,10.1,246,28.1,33.3,84.2,40,F,1
41.0,13.6,4.97,8.1,290,27.4,33.2,82.5,42,M,1
41.4,14.5,4.83,4.0,68,30.0,35.0,85.7,41,M,1
41.9,13.9,4.83,4.7,352,28.8,33.2,86.7,32,M,0
39.1,13.1,4.48,5.6,230,29.2,33.5,87.3,56,M,0
41.7,13.4,5.17,5.1,281,25.9,32.1,80.7,8,F,0
38.6,13.0,4.12,9.8,284,31.6,33.7,93.7,80,F,1
36.8,11.5,5.32,11.6,516,21.6,31.3,69.2,74,M,0
46.8,16.1,5.47,5.7,55,29.4,34.4,85.6,30,M,1
36.4,12.7,4.4,8.4,299,28.9,34.9,82.7,66,M,1
42.1,13.7,4.6,6.9,259,29.8,32.5,91.5,71,F,0
41.9,13.7,4.55,3.4,171,30.1,32.7,92.1,38,F,0
39.8,12.4,6.4,6.6,321,19.4,31.2,62.2,59,M,0
38.7,12.7,4.42,5.4,251,28.7,32.8,87.6,67,F,0
25.2,8.6,2.75,7.7,202,31.3,34.1,91.6,71,F,0
36.6,12.3,4.47,10.8,572,27.5,33.6,81.9,67,M,1
42.0,14.6,4.94,9.2,229,29.6,34.8,85.0,23,M,0
36.9,12.2,4.1,6.0,85,29.8,33.1,90.0,11,F,1
48.7,16.1,5.6,2.2,128,28.8,33.1,87.0,29,M,0
58.1,18.9,6.53,30.8,428,28.9,32.5,89.0,61,M,0
46.1,15.7,5.32,2.7,127,29.5,34.1,86.7,23,M,1
44.7,15.2,5.0,6.0,291,30.4,34.0,89.4,42,F,0
33.8,11.1,4.18,4.6,150,26.6,32.8,80.9,33,F,1
47.1,16.6,5.76,16.4,206,28.8,35.2,81.8,25,M,1
36.3,12.3,4.25,8.5,304,28.9,33.9,85.4,54,F,0
41.2,13.8,4.61,6.2,418,29.9,33.5,89.4,25,F,0
30.2,9.2,4.55,6.0,401,20.2,30.5,66.4,47,F,1
24.1,7.3,4.05,8.6,326,18.0,30.3,59.5,40,F,0
35.9,12.4,4.12,11.8,152,30.1,34.5,87.1,60,M,1
30.6,11.1,3.49,5.2,185,31.8,36.3,87.7,72,M,0
41.1,13.8,4.6,7.0,92,30.0,33.6,89.3,32,F,1
37.4,12.2,4.82,13.4,513,25.3,32.6,77.6,33,F,1
33.3,11.1,4.24,3.6,154,26.2,33.3,78.5,6,M,0
31.7,11.0,3.46,11.1,135,31.8,34.7,91.6,74,M,1
30.5,9.9,3.5,15.4,241,28.3,32.5,87.1,65,M,0
30.3,10.1,4.3,6.8,187,23.5,33.3,70.5,24,M,1
32.0,10.3,3.83,6.8,340,26.9,32.2,83.6,72,F,1
41.9,14.4,4.67,3.5,276,30.8,34.4,89.7,18,F,0
37.8,12.5,4.03,5.2,50,31.0,33.1,93.8,46,F,1
48.4,17.1,5.88,7.2,338,29.1,35.3,82.3,34,M,0
41.0,13.3,5.54,3.1,145,24.0,32.4,74.0,5,F,0
31.2,10.6,3.51,4.5,284,30.2,34.0,88.9,39,F,0
37.5,12.4,4.14,7.3,301,30.0,33.1,90.6,78,M,0
35.3,11.5,4.02,5.3,329,28.6,32.6,87.8,28,F,0
41.9,14.0,4.18,7.4,311,33.5,33.4,100.2,42,M,0
36.9,11.9,3.66,6.6,342,32.5,32.2,100.8,65,M,0
34.5,11.3,3.73,6.9,207,30.3,32.8,92.5,67,F,1
38.8,13.3,4.1,7.1,401,32.4,34.3,94.6,80,F,0
45.3,15.6,5.29,4.9,200,29.5,34.4,85.6,59,M,0
37.3,11.9,4.0,5.9,196,29.8,31.9,93.3,66,F,0
30.9,9.8,3.62,6.3,830,27.1,31.7,85.4,43,F,1
25.9,9.0,2.9,10.6,85,31.0,34.7,89.3,67,F,1
42.2,13.8,4.91,6.0,339,28.1,32.7,85.9,34,F,0
25.3,7.6,3.5,13.0,352,21.7,30.0,72.3,28,F,1
36.6,12.0,4.16,9.5,365,28.8,32.8,88.0,38,F,0
43.4,14.4,5.3,1.8,150,27.2,33.2,81.9,12,M,1
37.1,12.4,4.26,8.0,341,29.1,33.4,87.1,32,F,0
32.0,10.9,3.45,27.8,68,31.6,34.1,92.8,83,M,1
51.0,16.9,5.58,9.8,217,30.3,33.1,91.4,58,M,0
34.1,11.7,3.72,13.5,340,31.5,34.3,91.7,88,M,1
43.0,14.3,5.1,7.0,226,28.0,33.3,84.3,68,M,0
48.2,16.5,5.71,9.4,355,28.9,34.2,84.4,53,F,0
38.4,13.2,3.98,6.5,241,33.2,34.4,96.5,64,M,0
34.1,8.9,4.73,40.9,566,18.8,26.1,72.1,50,F,0
42.5,14.4,5.22,5.1,322,27.6,33.9,81.4,48,M,0
44.4,15.2,5.13,10.6,325,29.6,34.2,86.5,49,M,0
23.2,7.7,2.55,10.2,134,30.2,33.2,91.0,92,F,0
31.7,11.1,3.6,3.4,322,30.8,35.0,88.1,68,M,0
44.6,15.5,5.06,13.0,223,30.6,34.8,88.1,33,M,0
24.8,8.1,2.88,18.4,178,28.1,32.7,86.1,62,F,1
41.2,13.4,4.58,11.5,438,29.3,32.5,90.0,73,F,0
36.4,11.1,6.15,7.6,332,18.0,30.5,59.2,21,F,0
43.0,14.4,5.06,12.0,20,28.5,33.5,85.0,69,M,1
36.1,12.7,4.22,9.6,309,30.1,35.2,85.5,46,M,1
43.2,15.2,4.88,4.9,228,31.1,35.2,88.5,57,M,0
37.2,12.1,4.61,3.8,181,26.2,32.5,80.7,33,F,1
41.9,13.3,5.36,7.4,307,24.8,31.7,78.2,54,M,0
35.4,11.5,4.45,5.7,85,25.8,32.5,79.6,1,F,1
42.4,14.3,4.98,2.4,50,28.7,33.7,85.1,26,F,1
37.1,12.4,4.24,7.0,275,29.2,33.4,87.5,28,F,0
21.9,8.4,2.39,8.8,32,35.1,38.4,91.6,65,F,0
43.9,14.4,4.92,5.9,352,29.3,32.8,89.2,24,M,0
35.3,12.3,4.97,10.3,323,24.7,34.8,71.0,14,M,1
33.9,11.4,4.08,6.5,210,27.9,33.6,83.1,65,F,1
35.9,12.0,4.0,5.8,276,30.0,33.4,89.8,33,F,1
48.4,17.0,5.51,9.3,217,30.9,35.1,87.8,54,M,1
26.8,8.8,3.24,9.1,207,27.2,32.8,82.7,74,M,1
44.5,15.6,5.41,12.9,387,28.8,35.1,82.3,12,M,1
36.1,12.1,4.19,16.4,271,28.9,33.5,86.2,89,F,1
40.1,13.8,4.84,6.3,145,28.5,34.4,82.9,57,F,1
33.7,11.1,4.29,10.5,277,25.9,32.9,78.6,27,F,1
38.1,12.8,4.27,6.1,323,30.0,33.6,89.2,64,F,0
45.4,14.6,4.84,6.8,228,30.2,32.2,93.8,55,M,0
38.8,13.1,4.1,6.4,226,32.0,33.8,94.6,76,M,1
47.7,15.8,5.79,3.0,146,27.3,33.1,82.4,20,M,1
37.5,12.7,4.28,14.1,90,29.7,33.9,87.6,51,M,1
36.9,12.5,4.01,9.4,218,31.2,33.9,92.0,29,F,0
39.4,12.9,4.38,6.3,300,29.5,32.7,90.0,45,M,0
37.7,12.5,4.26,2.1,50,29.3,33.2,88.5,37,F,0
43.9,15.0,5.05,7.1,169,29.7,34.2,86.9,41,M,0
27.2,8.7,3.26,13.1,207,26.7,32.0,83.4,74,M,0
45.7,15.2,5.63,7.9,40,27.0,33.3,81.2,18,M,1
35.8,11.8,3.9,11.3,331,30.3,33.0,91.8,74,M,0
41.8,13.6,4.99,5.8,228,27.3,32.5,83.8,76,M,0
29.6,9.6,4.22,5.6,222,22.7,32.4,70.1,24,M,1
26.3,8.6,2.89,6.3,50,29.8,32.7,91.0,91,F,1
37.0,12.6,4.3,3.8,34,29.3,34.1,86.0,45,M,1
43.2,14.3,5.03,5.4,374,28.4,33.1,85.9,30,M,0
28.5,9.4,3.61,28.3,121,26.0,33.0,78.9,67,M,0
28.0,9.7,3.38,5.7,197,28.7,34.6,82.8,37,F,0
25.6,7.8,3.61,13.0,492,21.6,30.5,70.9,44,M,1
42.6,15.1,4.85,8.3,229,31.1,35.4,87.8,63,M,0
37.1,12.7,4.3,2.6,96,29.5,34.2,86.3,55,F,1
29.3,10.0,3.44,15.9,373,29.1,34.1,85.2,44,M,1
46.3,15.7,5.72,8.2,358,27.4,33.9,80.9,39,M,0
43.3,14.4,4.94,6.2,171,29.1,33.3,87.7,16,F,0
24.4,7.3,3.55,2.5,103,20.6,29.9,68.7,36,F,0
30.6,9.7,3.47,16.3,384,28.0,31.7,88.2,80,F,1
37.9,12.7,4.24,5.2,261,30.0,33.5,89.4,86,F,0
37.9,12.5,5.41,8.8,406,23.1,33.0,70.1,9,F,1
39.0,13.2,4.58,6.2,156,28.8,33.8,85.2,25,F,1
39.8,12.7,4.61,5.9,330,27.5,31.9,86.3,57,F,0
33.3,11.5,3.62,12.7,361,31.8,34.5,92.0,88,M,1
48.6,15.9,5.71,10.3,495,27.8,32.7,85.1,44,M,0
32.2,9.0,5.04,5.3,317,17.9,28.0,63.9,26,F,1
42.7,14.3,4.84,8.6,419,29.5,33.5,88.2,22,F,0
32.1,10.7,3.76,14.3,189,28.5,33.3,85.4,3,F,1
47.4,14.7,7.86,6.1,216,18.7,31.0,60.3,49,F,0
38.0,12.7,4.58,11.1,313,27.7,33.4,83.0,32,M,1
34.8,11.5,4.03,6.3,237,28.5,33.0,86.4,77,F,1
47.4,16.8,5.45,6.8,213,30.8,35.4,87.0,54,M,0
47.5,16.4,5.9,5.5,237,27.8,34.5,80.5,45,M,0
42.9,14.1,4.96,8.0,304,28.4,32.9,86.5,60,M,0
37.6,12.4,4.47,9.0,124,27.7,33.0,84.1,47,F,1
44.7,15.5,4.88,3.9,224,31.8,34.7,91.6,62,M,0
31.7,10.6,3.69,5.1,101,28.7,33.4,85.9,76,M,1
42.6,14.2,4.72,8.0,352,30.1,33.3,90.3,62,F,0
26.7,9.9,2.92,8.7,30,33.9,37.1,91.4,65,F,0
37.6,12.4,3.78,7.4,145,32.8,33.0,99.5,66,M,0
36.2,11.7,4.57,3.0,191,25.6,32.3,79.2,25,F,1
44.8,15.2,4.96,8.4,226,30.6,33.9,90.3,70,M,0
31.8,10.3,3.27,4.3,109,31.5,32.4,97.2,84,M,0
33.7,11.0,4.69,18.4,260,23.5,32.6,71.9,1,F,0
35.7,12.2,4.61,8.0,389,26.5,34.2,77.4,2,F,1
44.0,14.5,5.09,5.4,163,28.5,33.0,86.4,44,M,0
44.0,14.5,5.06,15.9,218,28.7,33.0,87.0,74,F,0
28.8,9.8,3.13,11.9,150,31.3,34.0,92.0,52,F,1
37.7,11.9,4.35,11.5,660,27.4,31.6,86.7,29,F,0
44.5,15.3,5.0,10.1,428,30.6,34.4,89.0,52,M,0
44.3,15.1,5.44,3.2,142,27.8,34.1,81.4,15,M,1
43.5,15.0,5.42,7.2,272,27.7,34.5,80.3,63,M,0
43.1,14.0,5.47,1.5,114,25.6,32.5,78.8,14,M,1
40.5,13.5,4.51,9.9,225,29.9,33.3,89.8,61,F,0
34.6,11.7,4.16,3.1,85,28.1,33.8,83.2,65,M,0
28.6,9.5,3.63,18.5,211,26.2,33.2,78.8,53,F,1
37.5,13.6,4.24,3.0,215,32.1,36.3,88.4,77,M,1
40.2,13.5,4.82,7.6,276,28.0,33.6,83.4,10,F,0
37.4,12.2,4.15,6.5,385,29.4,32.6,90.1,63,F,0
39.4,13.7,4.45,6.2,210,30.8,34.8,88.5,57,M,1
45.8,15.2,5.29,7.7,273,28.7,33.2,86.6,22,M,0
37.0,12.1,4.59,10.2,430,26.4,32.7,80.6,34,F,0
47.0,16.0,5.31,5.0,238,30.1,34.0,88.5,61,M,0
42.3,14.1,5.07,5.9,370,27.8,33.3,83.4,37,M,0
44.7,14.9,5.29,17.5,359,28.2,33.3,84.5,37,M,0
39.4,12.8,4.8,14.9,438,26.7,32.5,82.1,68,F,1
23.3,8.0,2.53,12.6,175,31.6,34.3,92.1,58,F,0
40.9,13.5,4.89,13.8,285,27.6,33.0,83.6,16,F,0
40.7,14.0,4.87,12.0,236,28.7,34.4,83.6,67,M,0
43.4,14.4,5.02,5.0,243,28.7,33.2,86.5,13,F,0
31.9,10.4,3.78,4.4,135,27.5,32.6,84.4,63,M,0
35.1,12.0,4.48,30.8,564,26.8,34.2,78.3,41,M,1
35.6,11.8,4.32,7.8,195,27.3,33.1,82.4,27,M,1
32.9,11.7,3.57,11.3,360,32.8,35.6,92.2,70,F,0
43.6,14.5,5.03,2.9,95,28.8,33.3,86.7,21,M,1
36.6,12.3,4.42,3.5,163,27.8,33.6,82.8,37,F,0
39.6,13.4,4.21,8.9,287,31.8,33.8,94.1,79,M,1
36.5,11.9,4.43,7.9,246,26.9,32.6,82.4,67,F,0
31.7,10.5,3.84,15.1,45,27.3,33.1,82.6,71,M,1
32.2,11.1,3.52,9.2,398,31.5,34.5,91.5,88,M,0
31.9,9.5,4.23,6.8,325,22.5,29.8,75.4,26,F,1
39.0,13.6,4.67,7.1,315,29.1,34.9,83.5,45,M,0
40.6,13.4,4.91,7.9,65,27.3,33.0,82.7,11,F,1
35.8,12.3,4.45,10.4,495,27.6,34.4,80.4,67,M,1
38.4,12.7,4.68,3.4,136,27.1,33.1,82.1,2,M,0
36.3,12.2,4.77,4.6,320,25.6,33.6,76.1,10,F,0
27.8,9.0,3.15,19.8,178,28.6,32.4,88.3,73,M,1
47.2,15.9,5.45,5.9,50,29.2,33.7,86.6,37,M,1
33.5,11.7,4.08,6.3,201,28.7,34.9,82.1,39,F,0
38.8,12.5,4.6,9.7,465,27.2,32.2,84.3,18,F,0
37.2,12.8,4.27,10.2,291,30.0,34.4,87.1,33,F,0
41.9,14.3,4.85,2.3,91,29.5,34.1,86.4,47,F,0
39.6,12.8,5.08,6.7,154,25.2,32.3,78.0,38,M,1
37.2,12.3,4.18,8.3,306,29.4,33.1,89.0,18,F,0
37.8,12.9,4.71,2.7,101,27.4,34.1,80.3,48,F,1
28.4,9.5,3.25,4.7,116,29.2,33.5,87.4,76,M,1
43.4,15.1,4.83,6.9,297,31.3,34.8,89.9,53,M,0
43.1,14.2,4.97,7.6,565,28.6,32.9,86.7,21,M,0
45.0,15.2,5.81,5.9,219,26.2,33.8,77.5,32,M,0
38.5,13.0,4.49,11.5,308,29.0,33.8,85.7,29,F,0
43.0,14.3,4.16,4.0,103,34.4,33.3,103.4,78,M,0
41.9,14.7,4.76,5.0,215,30.9,35.1,88.0,50,M,0
46.5,15.6,5.62,4.4,95,27.8,33.5,82.7,22,M,0
32.8,10.5,3.62,8.3,304,29.0,32.0,90.6,69,M,1
38.9,13.1,5.8,12.7,308,22.6,33.7,67.1,11,M,0
29.6,9.8,3.49,18.8,490,28.1,33.1,84.8,69,F,1
30.6,10.3,4.18,3.8,322,24.6,33.7,73.2,2,M,0
37.8,12.4,4.35,5.5,280,28.5,32.8,86.9,39,F,1
36.6,12.4,3.73,5.6,266,33.2,33.9,98.1,59,F,1
41.0,14.0,4.75,6.0,276,29.5,34.1,86.3,62,M,0
35.4,11.4,4.8,2.6,183,23.8,32.2,73.8,1,F,0
43.6,14.1,5.38,4.1,146,26.2,32.3,81.0,24,M,0
34.0,10.9,3.48,13.0,225,31.3,32.1,97.7,73,F,0
36.1,11.8,3.93,5.2,235,30.0,32.7,91.9,52,F,0
49.2,16.5,6.09,7.8,299,27.1,33.5,80.8,55,M,0
42.6,13.8,4.82,10.8,193,28.6,32.4,88.4,77,F,0
43.2,13.7,5.08,7.2,239,27.0,31.7,85.0,69,F,1
26.9,8.7,2.99,10.9,289,29.1,32.3,90.0,72,M,0
27.7,9.3,3.54,10.2,247,26.3,33.6,78.2,53,F,1
35.1,11.7,3.55,8.1,185,33.0,33.3,98.9,76,F,1
39.3,13.2,4.5,7.0,284,29.3,33.6,87.3,75,F,0
36.0,11.5,6.06,5.6,233,19.0,31.9,59.4,62,F,0
45.3,15.4,5.1,8.7,278,30.2,34.0,88.8,58,M,0
23.4,7.7,2.66,18.8,290,28.9,32.9,88.0,81,M,0
45.2,15.5,5.18,7.4,237,29.9,34.3,87.3,27,M,0
42.3,14.7,4.82,19.2,294,30.5,34.8,87.8,35,M,0
47.5,15.4,5.45,10.4,291,28.3,32.4,87.2,49,M,0
36.6,11.7,4.32,6.7,379,27.1,32.0,84.7,51,F,0
37.5,12.1,4.88,5.3,290,24.8,32.3,76.8,29,F,0
45.2,14.7,5.48,2.7,135,26.8,32.5,82.5,12,M,1
23.4,8.7,2.91,7.3,18,29.9,37.2,80.4,70,M,1
24.9,7.8,2.96,12.1,291,26.4,31.3,84.1,63,F,0
36.0,11.5,4.38,6.8,383,26.3,31.9,82.2,45,F,0
39.5,13.4,4.28,3.6,272,31.3,33.9,92.3,76,F,0
39.3,13.2,4.5,5.5,293,29.3,33.6,87.3,36,F,0
39.1,13.5,4.87,13.5,319,27.7,34.5,80.3,43,M,0
39.6,13.3,4.27,5.6,276,31.1,33.6,92.7,65,M,0
35.3,11.5,4.34,4.3,176,26.5,32.6,81.3,33,F,1
29.3,10.0,3.51,11.9,360,28.5,34.1,83.5,50,M,1
40.0,13.4,4.91,6.9,102,27.3,33.5,81.5,11,F,1
40.3,14.2,4.62,6.0,248,30.7,35.2,87.2,64,M,0
40.6,13.6,4.87,9.4,319,27.9,33.5,83.4,51,M,0
38.8,13.2,4.96,6.1,319,26.6,34.0,78.2,7,F,1
38.7,13.1,4.93,7.1,254,26.6,33.9,78.5,6,F,0
28.4,8.1,4.48,8.7,342,18.1,28.5,63.4,25,M,1
39.0,12.5,4.85,5.3,358,25.8,32.1,80.4,47,F,0
47.7,15.9,5.54,10.3,318,28.7,33.3,86.1,28,M,0
38.9,13.6,4.67,21.7,459,29.1,35.0,83.3,62,M,1
31.5,11.0,3.29,5.3,163,33.4,34.9,95.7,87,M,0
40.1,13.5,4.86,6.8,248,27.8,33.7,82.5,29,M,0
39.6,12.6,4.37,5.3,219,28.8,31.8,90.6,67,M,0
37.0,12.2,4.12,8.3,358,29.6,33.0,89.8,21,F,0
42.7,15.1,4.98,10.8,322,30.3,35.4,85.7,38,M,0
39.4,13.6,4.72,26.6,145,28.8,34.5,83.5,58,M,1
37.6,12.3,4.44,7.3,387,27.7,32.7,84.7,32,F,0
30.9,10.1,3.19,9.3,104,31.7,32.7,96.9,74,M,1
42.5,14.7,4.61,11.1,189,31.9,34.6,92.2,52,M,0
37.9,12.1,4.7,9.7,215,25.7,31.9,80.6,20,F,0
25.8,8.9,2.91,8.8,252,30.6,34.5,88.7,73,M,1
42.3,14.9,5.1,9.6,272,29.2,35.2,82.9,53,M,1
31.6,10.9,3.62,6.1,65,30.1,34.5,87.3,76,M,1
30.9,10.3,3.49,10.6,316,29.5,33.3,88.5,26,F,0
32.9,11.1,3.33,8.0,192,33.3,33.7,98.8,87,F,1
35.9,12.2,4.16,18.0,280,29.3,34.0,86.3,65,M,0
42.4,14.1,5.22,4.1,253,27.0,33.3,81.2,15,F,0
33.5,10.7,4.24,9.5,240,25.2,31.9,79.0,46,F,1
36.4,12.3,4.45,15.2,250,27.6,33.8,81.8,43,M,1
46.5,15.7,5.58,7.4,260,28.1,33.8,83.3,20,M,0
33.4,10.8,4.68,7.0,275,23.1,32.3,71.4,17,F,1
41.9,13.9,5.09,11.1,345,27.3,33.2,82.3,64,F,0
39.0,13.2,4.45,4.0,50,29.7,33.8,87.6,45,M,1
39.8,14.0,4.87,5.1,285,28.7,35.2,81.7,49,M,0
30.3,9.8,4.22,10.3,476,23.2,32.3,71.8,75,F,1
38.5,12.2,6.09,9.0,157,20.0,31.7,63.2,71,F,1
44.6,15.3,5.34,8.2,372,28.7,34.3,83.5,47,M,0
35.5,11.4,4.52,9.5,406,25.2,32.1,78.5,67,F,1
51.7,16.5,7.57,9.7,279,21.8,31.9,68.3,58,M,0
44.7,16.0,5.04,7.5,150,31.7,35.8,88.7,57,M,1
34.3,11.3,3.85,7.2,76,29.4,32.9,89.1,76,M,1
38.6,12.6,4.38,4.7,246,28.8,32.6,88.1,85,F,0
32.6,10.6,3.78,8.8,309,28.0,32.5,86.2,57,M,0
43.0,15.0,5.22,5.2,237,28.7,34.9,82.4,27,M,0
44.7,15.2,5.23,8.4,264,29.1,34.0,85.5,36,M,0
39.5,13.8,4.7,11.3,208,29.4,34.9,84.0,70,M,0
31.9,11.0,4.01,4.0,232,27.4,34.5,79.6,33,F,0
32.3,12.0,3.99,16.4,421,30.1,37.2,81.0,86,F,0
36.9,12.5,4.09,5.9,155,30.6,33.9,90.2,58,M,0
47.2,16.2,5.52,17.0,275,29.3,34.3,85.5,36,M,0
36.8,11.7,4.61,12.2,439,25.4,31.8,79.8,47,F,0
41.7,13.8,4.59,7.2,217,30.1,33.1,90.8,52,F,1
39.9,13.0,4.37,5.3,224,29.7,32.6,91.3,79,F,0
40.6,14.0,4.81,6.8,283,29.1,34.5,84.4,40,M,0
31.8,10.1,3.62,6.3,90,27.9,31.8,87.8,69,F,0
41.3,13.4,4.76,4.0,238,28.2,32.4,86.8,24,F,0
43.5,14.7,5.11,12.5,348,28.8,33.8,85.1,55,F,0
41.3,14.0,4.81,6.1,299,29.1,33.9,85.9,33,M,0
34.1,11.8,4.62,9.1,359,25.5,34.6,73.8,33,F,0
35.4,11.2,4.06,8.4,297,27.6,31.6,87.2,30,F,1
30.7,10.1,3.48,7.4,78,29.0,32.9,88.2,91,F,1
27.3,9.0,2.83,5.7,90,31.8,33.0,96.5,84,M,1
37.0,12.2,4.02,3.9,238,30.3,33.0,92.0,59,F,1
50.3,16.7,5.81,5.3,270,28.7,33.2,86.6,30,M,0
37.2,12.6,4.52,6.6,281,27.9,33.9,82.3,7,M,0
43.6,15.2,5.04,2.7,105,30.2,34.9,86.5,35,M,1
27.6,8.7,3.1,7.9,278,28.1,31.5,89.0,76,F,0
26.3,8.9,2.92,10.5,265,30.5,33.8,90.1,73,M,1
38.0,13.5,4.77,7.7,312,28.3,35.5,79.7,74,M,0
41.2,14.0,4.35,5.9,177,32.2,34.0,94.7,65,M,0
47.3,16.7,5.55,16.4,382,30.1,35.3,85.2,40,M,0
41.6,14.1,5.4,5.9,193,26.1,33.9,77.0,2,M,1
41.1,13.5,4.81,10.4,298,28.1,32.8,85.4,61,F,0
33.9,12.2,4.08,8.2,313,29.9,36.0,83.1,71,M,1
40.2,13.6,4.15,6.6,180,32.8,33.8,96.9,71,F,0
41.3,13.9,4.54,10.6,284,30.6,33.7,91.0,71,M,0
30.8,10.9,3.45,9.2,121,31.6,35.4,89.3,64,M,1
44.3,15.0,5.05,5.6,292,29.7,33.9,87.7,33,M,0
38.0,12.9,4.4,6.6,361,29.3,33.9,86.4,37,F,0
27.3,9.0,4.38,9.9,322,20.5,33.0,62.3,78,M,0
31.0,10.2,3.64,11.8,327,28.0,32.9,85.2,57,F,0
40.3,13.8,4.7,5.5,208,29.4,34.2,85.7,53,M,0
48.2,16.0,5.97,6.7,227,26.8,33.2,80.7,17,M,0
37.9,12.8,4.4,11.6,336,29.1,33.8,86.1,27,F,0
30.9,9.6,3.73,4.4,356,25.7,31.1,82.8,33,M,1
39.4,13.1,4.56,8.7,366,28.7,33.2,86.4,58,F,0
43.6,14.6,5.18,6.5,361,28.2,33.5,84.2,53,F,0
40.9,14.0,4.49,14.2,294,31.2,34.2,91.1,14,M,1
31.0,9.6,4.98,8.3,251,19.3,31.0,62.2,44,F,1
40.8,13.5,5.61,9.3,257,24.1,33.1,72.7,44,M,0
43.1,14.1,4.85,8.8,150,29.1,32.7,88.9,43,M,0
30.3,9.9,3.59,17.2,282,27.6,32.7,84.4,32,F,1
33.2,9.8,4.18,16.0,429,23.4,29.5,79.4,68,F,0
36.3,12.1,4.2,4.8,152,28.8,33.3,86.4,46,F,1
30.3,10.4,3.26,15.4,121,31.9,34.3,92.9,83,M,1
38.4,12.7,4.66,3.4,110,27.3,33.1,82.4,8,M,1
37.1,12.2,4.16,16.7,299,29.3,32.9,89.2,47,F,1
40.9,14.3,4.75,15.1,479,30.1,35.0,86.1,72,M,0
38.9,14.0,4.75,7.5,193,29.5,36.0,81.9,26,F,0
40.4,13.2,5.47,9.3,194,24.1,32.7,73.9,26,F,0
38.3,13.0,4.42,3.0,203,29.4,33.9,86.7,55,F,0
39.0,12.6,4.59,5.7,322,27.5,32.3,85.0,59,F,0
40.9,13.6,4.81,5.1,80,28.3,33.3,85.0,39,F,1
38.6,12.9,4.24,8.4,377,30.4,33.4,91.0,58,F,0
30.6,9.6,4.09,4.8,346,23.5,31.4,74.8,54,F,1
52.5,17.3,6.9,8.0,211,25.1,33.0,76.1,53,M,0
40.3,13.5,4.39,8.0,236,30.8,33.5,91.8,66,F,0
37.0,12.2,4.23,4.0,260,28.8,33.0,87.5,46,F,0
38.4,13.6,4.39,10.4,313,31.0,35.4,87.5,29,F,0
38.7,13.1,4.49,8.4,371,29.2,33.9,86.2,30,F,0
29.1,9.5,3.24,8.9,116,29.3,32.6,89.8,92,F,0
47.1,15.9,5.66,8.7,318,28.1,33.8,83.2,37,M,0
44.1,14.7,4.67,14.8,1121,31.5,33.3,94.4,64,M,1
48.3,16.8,5.62,8.9,308,29.9,34.8,85.9,30,M,0
38.6,12.9,4.33,5.9,266,29.8,33.4,89.1,40,F,0
28.9,9.6,3.45,13.1,286,27.8,33.2,83.8,26,F,1
41.5,13.2,4.84,9.4,292,27.3,31.8,85.7,60,M,0
41.7,13.7,5.41,6.0,75,25.3,32.9,77.1,9,F,1
40.8,13.4,4.98,3.0,187,26.9,32.8,81.9,15,F,1
38.2,12.2,4.2,10.5,379,29.0,31.9,91.0,58,F,1
40.7,13.5,4.53,8.6,323,29.8,33.2,89.8,65,M,0
28.6,9.9,3.24,10.1,59,30.6,34.6,88.3,76,M,1
23.8,8.0,2.68,5.0,105,29.9,33.6,88.8,91,F,0
36.8,13.0,4.44,10.2,259,29.3,35.3,82.9,42,M,0
37.0,12.2,4.31,10.2,458,28.3,33.0,85.8,62,F,0
39.6,13.9,4.67,6.1,249,29.8,35.1,84.8,25,F,0
44.9,14.8,5.35,5.1,344,27.7,33.0,83.9,41,M,0
38.4,13.3,5.31,4.9,175,25.0,34.6,72.3,30,M,1
46.4,15.3,5.76,7.1,375,26.6,33.0,80.6,17,M,1
45.2,15.2,5.37,7.0,261,28.3,33.6,84.2,15,M,0
32.3,10.8,3.59,8.9,406,30.1,33.4,90.0,59,M,0
50.5,16.4,7.05,3.9,15,23.3,32.5,71.6,25,M,1
38.2,12.5,4.71,7.4,90,26.5,32.7,81.1,17,F,1
41.7,14.6,5.11,6.3,239,28.6,35.0,81.6,48,M,0
28.8,10.3,3.34,12.3,120,30.8,35.8,86.2,76,M,1
37.4,12.7,4.58,2.5,145,27.7,34.0,81.7,29,F,1
38.9,12.6,4.72,4.9,232,26.7,32.4,82.4,17,F,1
38.5,12.8,5.07,16.2,284,25.2,33.2,75.9,69,F,0
29.7,9.4,4.13,7.0,275,22.8,31.6,71.9,75,F,0
39.9,13.4,4.55,8.5,434,29.5,33.6,87.7,28,F,0
27.2,8.5,4.32,13.7,346,19.7,31.3,63.0,32,F,0
43.7,15.3,5.43,12.8,307,28.2,35.0,80.5,17,M,0
35.4,11.7,4.01,9.4,178,29.2,33.1,88.3,56,M,1
31.4,10.8,3.5,11.6,232,30.9,34.4,89.7,75,F,1
40.3,13.5,5.47,7.4,390,24.7,33.5,73.7,4,M,0
43.0,14.8,4.74,7.4,278,31.2,34.4,90.7,35,M,1
31.7,9.8,5.02,17.9,382,19.5,30.9,63.1,8,M,0
34.2,11.6,4.02,8.2,219,28.9,33.9,85.1,36,F,0
43.9,14.4,5.02,6.8,256,28.7,32.8,87.5,47,M,0
44.4,15.2,5.27,8.9,290,28.8,34.2,84.3,55,M,0
33.9,10.7,4.59,5.9,296,23.3,31.6,73.9,79,F,0
43.5,14.2,6.52,4.5,276,21.8,32.6,66.7,57,M,0
19.7,6.5,2.09,24.6,128,31.1,33.0,94.3,74,F,1
36.2,12.3,4.33,13.6,340,28.4,34.0,83.6,31,F,0
43.3,14.0,5.37,2.7,211,26.1,32.3,80.6,17,F,0
43.2,14.3,4.85,10.3,240,29.5,33.1,89.1,50,M,0
39.9,13.3,4.88,2.9,241,27.3,33.3,81.8,40,F,0
39.2,13.2,4.49,6.7,75,29.4,33.7,87.3,40,F,1
49.3,16.1,6.27,5.7,169,25.7,32.7,78.6,25,M,0
31.1,9.9,3.57,15.1,241,27.7,31.8,87.1,27,F,1
39.3,12.7,4.63,5.6,315,27.4,32.3,84.9,50,F,0
43.5,15.2,5.08,12.4,263,29.9,34.9,85.6,23,M,0
43.2,15.0,5.22,8.6,220,28.7,34.7,82.8,58,M,1
32.0,11.0,3.78,3.8,188,29.1,34.4,84.7,43,F,0
35.1,11.4,4.02,8.8,317,28.4,32.5,87.3,36,F,0
40.6,13.8,4.47,5.4,229,30.9,34.0,90.8,29,M,0
40.7,12.9,4.8,3.6,186,26.9,31.7,84.8,41,F,0
44.6,14.1,6.83,3.4,150,20.6,31.6,65.3,36,M,1
38.1,12.2,4.22,8.3,393,28.9,32.0,90.3,58,F,0
34.3,11.4,4.48,13.9,225,25.4,33.2,76.6,3,F,0
39.7,13.2,5.08,15.3,386,26.0,33.2,78.1,67,F,0
41.1,13.4,4.62,8.3,377,29.0,32.6,89.0,25,M,0
42.4,14.4,5.29,2.5,161,27.2,34.0,80.2,14,M,0
33.5,11.1,3.96,7.9,186,28.0,33.1,84.6,27,F,0
34.1,11.3,4.28,11.1,330,26.4,33.1,79.7,27,F,0
46.4,15.0,5.12,7.8,326,29.3,32.3,90.6,36,M,0
34.5,12.0,4.04,7.6,160,29.7,34.8,85.4,28,F,0
38.1,13.1,4.14,6.4,227,31.6,34.4,92.0,68,M,1
35.0,10.9,4.57,8.4,254,23.9,31.1,76.6,22,F,0
31.1,8.7,5.06,11.1,416,17.2,28.0,61.5,1,F,0
40.8,13.9,4.59,6.3,234,30.3,34.1,88.9,26,F,0
41.5,13.6,4.89,8.0,253,27.8,32.8,84.9,3,F,0
34.2,11.8,4.05,20.5,480,29.1,34.5,84.4,51,M,1
32.4,10.1,4.32,9.0,336,23.4,31.2,75.0,20,F,0
44.2,14.3,5.41,14.5,125,26.4,32.4,81.7,1,F,1
43.3,14.5,4.67,9.5,307,31.0,33.5,92.7,62,F,0
40.2,13.9,4.76,12.1,206,29.2,34.6,84.5,52,M,0
35.7,12.0,4.04,9.1,259,29.7,33.6,88.4,62,F,0
36.5,12.2,4.07,5.2,262,30.0,33.4,89.7,33,F,0
43.2,15.6,6.22,9.4,100,25.1,36.1,69.5,7,M,1
35.7,12.0,4.52,8.7,341,26.5,33.6,79.0,8,M,0
43.4,15.2,5.02,11.1,279,30.3,35.0,86.5,51,M,0
34.6,11.6,4.34,5.7,232,26.7,33.5,79.7,5,F,0
40.5,13.0,4.44,4.8,228,29.3,32.1,91.2,64,M,0
46.2,15.7,5.22,14.1,357,30.1,34.0,88.5,43,M,0
48.2,16.1,5.59,21.4,117,28.8,33.4,86.2,37,M,1
43.2,14.4,5.1,7.5,220,28.2,33.3,84.7,32,M,1
37.6,12.4,4.77,8.2,318,26.0,33.0,78.8,61,F,0
47.5,16.5,5.91,6.1,218,27.9,34.7,80.4,34,M,0
33.7,10.8,3.65,6.9,359,29.6,32.0,92.3,67,F,0
40.7,13.9,5.02,5.2,180,27.7,34.2,81.1,29,M,1
41.5,14.0,4.95,8.6,357,28.3,33.7,83.8,24,F,0
27.5,8.9,3.41,11.2,292,26.1,32.4,80.6,53,F,1
42.9,14.4,5.03,4.4,244,28.6,33.6,85.3,56,F,0
28.3,9.4,3.26,10.9,248,28.8,33.2,86.8,53,F,1
38.3,12.6,4.29,6.0,322,29.4,32.9,89.3,59,F,0
45.1,14.8,5.9,6.7,260,25.1,32.8,76.4,48,M,0
42.7,14.3,5.24,7.5,282,27.3,33.5,81.5,57,M,0
41.2,13.2,5.25,3.1,226,25.1,32.0,78.5,12,F,0
45.2,15.2,5.35,15.7,258,28.4,33.6,84.5,26,M,1
41.5,13.8,4.3,4.6,190,32.1,33.3,96.5,81,M,0
36.4,12.7,4.3,21.4,282,29.5,34.9,84.7,62,M,1
34.2,10.5,4.52,4.1,314,23.2,30.7,75.7,37,F,0
40.9,13.5,4.52,7.1,245,29.9,33.0,90.5,54,M,0
38.3,13.3,4.36,9.7,257,30.5,34.7,87.8,59,M,1
33.3,10.3,4.45,7.2,387,23.1,30.9,74.8,2,F,0
36.3,11.7,4.08,4.9,262,28.7,32.2,89.0,56,F,0
43.8,14.6,4.79,8.6,214,30.5,33.3,91.4,67,M,0
39.1,13.7,4.59,5.0,206,29.8,35.0,85.2,44,M,1
36.5,12.3,4.38,4.0,226,28.1,33.7,83.3,61,F,0
44.3,14.0,5.23,11.7,474,26.8,31.6,84.7,68,F,1
32.2,10.3,4.57,10.5,329,22.5,32.0,70.5,6,M,0
41.6,13.8,4.52,13.3,627,30.5,33.2,92.0,58,M,0
50.5,17.1,5.55,14.6,247,30.8,33.9,91.0,24,M,0
43.1,15.5,4.95,9.2,150,31.3,36.0,87.1,90,M,1
28.6,9.3,3.46,56.7,317,26.9,32.5,82.7,69,M,1
41.9,14.0,4.58,6.5,289,30.6,33.4,91.5,62,F,0
29.5,9.6,4.13,14.1,496,23.2,32.5,71.4,75,F,1
44.8,15.0,5.48,2.7,208,27.4,33.5,81.8,36,F,0
44.7,15.1,5.39,5.0,262,28.0,33.8,82.9,17,M,0
38.2,12.4,4.07,10.2,304,30.5,32.5,93.9,55,F,0
46.7,15.3,5.1,7.2,183,30.0,32.8,91.6,32,M,0
43.8,14.5,4.74,4.5,226,30.6,33.1,92.4,66,M,0
38.4,12.2,4.51,5.1,205,27.1,31.8,85.1,6,F,1
47.7,15.7,5.63,2.9,159,27.9,32.9,84.7,39,M,1
35.8,12.7,4.14,5.6,329,30.7,35.5,86.5,48,F,0
38.0,12.5,5.18,10.9,321,24.1,32.9,73.4,12,F,0
41.6,14.4,4.67,3.9,230,30.8,34.6,89.1,59,M,0
30.0,10.1,3.56,18.1,386,28.4,33.7,84.3,69,F,1
31.3,10.0,4.66,10.7,201,21.5,31.9,67.2,90,F,1
42.2,14.0,4.85,9.9,609,28.9,33.2,87.0,58,F,0
45.1,15.5,4.68,8.4,120,33.1,34.4,96.4,63,M,0
40.5,13.4,5.14,12.9,200,26.1,33.1,78.8,14,M,0
42.9,13.8,4.71,6.9,310,29.3,32.2,91.1,66,F,0
42.6,14.4,4.81,2.2,85,29.9,33.8,88.6,23,M,1
44.3,15.3,5.48,8.4,228,27.9,34.5,80.8,64,M,0
30.9,10.0,3.44,8.0,443,29.1,32.4,89.8,67,M,1
37.0,12.4,4.4,4.5,197,28.2,33.5,84.1,50,F,0
42.3,14.4,5.23,7.1,294,27.5,34.0,80.9,27,M,0
41.3,14.0,4.8,13.7,348,29.2,33.9,86.0,44,M,0
36.7,11.8,4.27,9.3,277,27.6,32.2,85.9,37,F,1
38.5,12.7,4.06,4.4,211,31.3,33.0,94.8,70,M,0
39.0,12.8,4.69,6.5,588,27.3,32.8,83.2,26,F,0
39.8,12.9,4.33,7.1,215,29.8,32.4,91.9,61,M,0
38.6,12.5,5.37,6.3,271,23.3,32.4,71.9,23,F,0
35.7,12.2,4.05,13.7,211,30.1,34.2,88.1,67,M,1
39.4,12.9,4.4,4.8,372,29.3,32.7,89.5,45,F,0
38.5,12.6,4.99,9.1,339,25.3,32.7,77.2,31,F,1
37.2,12.9,3.97,8.7,305,32.5,34.7,93.7,70,F,0
31.8,10.7,3.44,20.0,75,31.1,33.6,92.4,83,M,1
45.2,14.6,6.64,15.4,356,22.0,32.3,68.1,69,F,1
46.8,15.9,5.71,4.2,229,27.8,34.0,82.0,32,M,0
43.9,14.5,4.7,8.4,276,30.9,33.0,93.4,56,F,0
33.8,11.4,3.37,9.9,305,33.8,33.7,100.3,60,M,1
31.9,11.0,3.88,7.5,101,28.4,34.5,82.2,51,F,1
42.9,14.2,4.79,7.4,220,29.6,33.1,89.6,69,M,0
41.4,13.7,4.86,6.0,151,28.2,33.1,85.2,39,F,1
40.0,13.5,4.65,7.3,304,29.0,33.8,86.0,49,F,0
35.2,11.1,4.63,6.0,307,24.0,31.5,76.0,33,F,0
47.4,15.5,5.73,6.6,170,27.1,32.7,82.7,47,M,0
39.7,12.8,4.39,9.3,284,29.2,32.2,90.4,36,F,1
47.1,16.4,5.59,7.4,279,29.3,34.8,84.3,40,M,0
41.2,13.6,4.81,6.4,289,28.3,33.0,85.7,46,F,0
29.8,9.2,4.5,4.9,470,20.4,30.9,66.2,52,M,1
43.7,13.8,5.02,6.2,297,27.5,31.6,87.1,52,F,1
45.5,15.9,5.64,4.5,331,28.2,34.9,80.7,21,M,0
41.4,13.5,4.68,8.4,257,28.8,32.6,88.5,63,F,0
40.2,13.3,4.33,6.5,354,30.7,33.1,92.8,58,F,0
36.6,13.2,4.45,7.7,229,29.7,36.1,82.2,42,M,0
48.8,16.1,5.42,3.5,85,29.7,33.0,90.0,44,M,1
31.7,10.6,3.62,7.9,349,29.3,33.4,87.6,67,F,1
37.6,12.2,4.41,12.5,231,27.7,32.4,85.3,52,F,1
32.2,10.9,3.72,13.5,254,29.3,33.9,86.6,21,F,0
33.6,10.6,3.67,6.9,197,28.9,31.5,91.6,61,F,0
42.4,14.0,5.01,6.9,295,27.9,33.0,84.6,52,F,0
37.1,12.9,4.07,9.6,162,31.7,34.8,91.2,39,F,1
42.7,14.2,4.99,9.7,357,28.5,33.3,85.6,40,M,0
39.4,12.3,4.52,17.4,247,27.2,31.2,87.2,60,F,1
30.5,10.5,3.34,17.0,165,31.4,34.4,91.3,83,M,1
42.4,13.6,5.3,3.3,157,25.7,32.1,80.0,14,M,0
35.2,12.1,4.05,6.2,215,29.9,34.4,86.9,15,F,0
43.8,15.0,5.42,9.5,341,27.7,34.2,80.8,66,M,1
44.2,14.8,4.66,2.9,251,31.8,33.5,94.8,71,M,0
33.0,11.5,3.91,2.9,54,29.4,34.8,84.4,38,F,1
34.6,11.5,4.64,9.7,361,24.8,33.2,74.6,42,F,1
36.4,12.0,4.5,5.6,269,26.7,33.0,80.9,19,F,0
41.6,14.0,4.71,4.6,80,29.7,33.7,88.3,40,F,0
43.5,13.9,4.89,5.1,338,28.4,32.0,89.0,39,M,0
38.0,12.7,4.63,6.8,430,27.4,33.4,82.1,35,M,0
44.9,15.8,5.46,10.1,272,28.9,35.2,82.2,21,M,0
43.1,14.7,5.12,8.9,286,28.7,34.1,84.2,67,M,0
39.3,14.0,5.04,12.3,300,27.8,35.6,78.0,5,M,0
43.9,15.3,5.07,21.5,258,30.2,34.9,86.6,35,F,0
29.6,9.8,3.73,5.8,233,26.3,33.1,79.4,45,F,1
35.8,11.7,4.08,5.1,370,28.7,32.7,87.7,68,F,0
44.8,14.9,5.39,7.2,410,27.6,33.3,83.1,33,M,0
47.2,15.0,5.7,6.3,298,26.3,31.8,82.8,13,F,0
38.8,12.9,4.54,8.6,223,28.4,33.2,85.5,70,M,1
46.6,15.8,5.36,8.7,307,29.5,33.9,86.9,52,M,0
44.4,14.5,7.3,5.8,207,19.9,32.7,60.8,69,M,0
30.6,8.9,4.42,5.9,469,20.1,29.1,69.2,41,F,0
28.4,10.0,3.43,11.0,268,29.2,35.2,82.8,86,M,1
25.8,7.5,3.76,9.5,284,19.9,29.1,68.6,44,F,1
37.7,11.8,4.2,12.4,354,28.1,31.3,89.8,51,F,1
36.8,12.7,4.83,9.7,286,26.3,34.5,76.2,11,F,1
29.1,9.5,3.04,13.8,161,31.3,32.6,95.7,83,M,1
38.5,12.8,3.88,8.9,151,33.0,33.2,99.2,76,F,1
36.8,12.0,4.11,7.9,298,29.2,32.6,89.5,64,F,1
35.2,11.8,4.07,9.0,216,29.0,33.5,86.5,62,F,1
39.3,13.3,4.47,8.0,327,29.8,33.8,87.9,57,M,0
29.3,9.8,3.26,8.2,85,30.1,33.4,89.9,92,F,1
38.5,12.0,4.32,12.2,352,27.8,31.2,89.1,51,F,1
37.6,12.5,4.59,7.3,234,27.2,33.2,81.9,26,F,0
35.3,11.7,3.68,6.1,150,31.8,33.1,95.9,69,M,0
36.7,12.0,5.09,2.1,145,23.6,32.7,72.1,2,F,0
38.9,13.5,4.43,5.3,165,30.5,34.7,87.8,43,M,1
46.4,16.0,5.74,6.5,122,27.9,34.5,80.8,33,M,0
45.2,14.5,5.12,5.5,335,28.3,32.1,88.3,27,M,0
47.3,15.8,5.97,5.7,192,26.5,33.4,79.2,44,M,1
32.7,10.9,3.8,22.3,368,28.7,33.3,86.1,49,F,0
46.5,15.8,5.07,7.0,267,31.2,34.0,91.7,67,M,0
36.1,11.7,4.51,6.4,85,25.9,32.4,80.0,1,F,1
39.7,14.1,4.78,6.1,249,29.5,35.5,83.1,46,M,1
42.2,13.8,4.43,6.5,196,31.2,32.7,95.3,60,M,0
37.0,11.2,5.18,6.4,272,21.6,30.3,71.4,55,M,1
31.7,10.9,3.51,5.4,174,31.1,34.4,90.3,86,F,0
39.8,13.8,4.46,4.6,227,30.9,34.7,89.2,46,F,0
41.1,13.5,4.22,5.1,288,32.0,32.8,97.4,51,F,0
26.4,8.0,2.82,7.6,180,28.4,30.3,93.6,38,F,0
33.2,11.1,3.57,8.9,176,31.1,33.4,93.0,83,F,1
48.2,15.7,5.39,11.0,258,29.1,32.6,89.4,57,M,0
37.9,12.7,4.15,6.7,380,30.6,33.5,91.3,52,F,0
37.4,12.3,4.66,6.4,413,26.4,32.9,80.3,11,M,1
41.8,14.4,4.73,7.6,287,30.4,34.4,88.4,51,M,0
33.6,11.4,3.69,7.1,260,30.9,33.9,91.1,57,M,0
30.0,8.4,4.8,3.4,216,17.5,28.0,62.5,31,F,0
39.2,13.2,4.51,9.2,173,29.3,33.7,86.9,84,F,0
34.7,11.7,4.26,4.9,300,27.5,33.7,81.5,4,M,0
35.6,12.0,4.6,8.7,441,26.1,33.7,77.4,8,M,0
40.7,13.4,4.32,5.9,307,31.0,32.9,94.2,50,F,0
35.8,11.8,4.21,10.7,250,28.0,33.0,85.0,65,F,0
42.7,14.3,4.81,4.6,232,29.7,33.5,88.8,68,F,0
29.8,10.5,3.57,30.0,270,29.4,35.2,83.5,59,F,1
39.4,13.2,4.64,7.1,234,28.4,33.5,84.9,14,M,0
31.4,10.1,3.93,6.6,399,25.7,32.2,79.9,54,M,1
41.2,13.5,5.2,6.5,510,26.0,32.8,79.2,45,F,0
37.7,12.4,4.31,9.8,284,28.8,32.9,87.5,46,F,0
33.6,11.5,3.59,9.9,327,32.0,34.2,93.6,75,F,1
39.5,13.1,4.44,6.0,294,29.5,33.2,89.0,26,F,0
44.6,14.7,5.22,8.0,251,28.2,33.0,85.4,42,M,0
38.0,12.8,4.69,5.8,206,27.3,33.7,81.0,3,M,0
39.6,13.6,5.09,2.0,135,26.7,34.3,77.8,7,M,0
38.8,12.7,4.86,10.2,289,26.1,32.7,79.8,17,F,0
35.9,11.8,4.45,8.1,439,26.5,32.9,80.7,44,M,1
44.7,15.0,5.36,6.5,266,28.0,33.6,83.4,32,M,1
36.4,12.8,4.17,6.9,231,30.7,35.2,87.3,78,M,1
37.1,12.1,4.72,4.1,222,25.6,32.6,78.6,25,F,1
35.5,11.5,4.88,9.4,223,23.6,32.4,72.7,44,M,1
40.5,13.8,4.38,6.5,189,31.5,34.1,92.5,76,M,0
42.2,14.1,4.76,5.2,297,29.6,33.4,88.7,28,M,0
37.4,12.7,4.61,7.6,245,27.5,34.0,81.1,35,F,1
36.4,12.3,4.54,7.6,252,27.1,33.8,80.2,4,F,0
31.5,10.8,3.76,22.2,230,28.7,34.3,83.8,63,M,1
38.1,12.0,4.69,3.1,157,25.6,31.5,81.2,25,F,1
44.2,15.2,5.43,4.3,30,28.0,34.4,81.4,48,M,1
39.1,13.2,4.73,9.5,85,27.9,33.8,82.7,37,F,1
46.7,15.6,5.3,5.9,296,29.4,33.4,88.1,34,M,0
44.4,16.0,5.45,11.5,345,29.4,36.0,81.5,49,M,1
29.2,9.4,3.31,9.7,416,28.4,32.2,88.2,77,F,1
32.1,11.1,4.55,6.0,43,24.4,34.6,70.5,7,M,1
39.0,13.0,4.28,5.8,337,30.4,33.3,91.1,58,F,0
30.6,10.2,3.29,10.4,253,31.0,33.3,93.0,49,F,1
42.3,13.7,4.94,8.1,326,27.7,32.4,85.6,52,M,0
40.1,13.6,4.59,8.0,220,29.6,33.9,87.4,56,F,1
40.7,13.3,4.68,9.5,303,28.4,32.7,87.0,39,F,1
38.8,12.8,4.04,5.3,169,31.7,33.0,96.0,76,M,0
33.9,11.2,4.22,8.2,213,26.5,33.0,80.3,25,F,1
42.2,14.8,5.21,3.9,10,28.4,35.1,81.0,45,M,1
43.1,13.8,4.88,6.4,160,28.3,32.0,88.3,45,F,1
32.7,11.8,3.8,15.2,331,31.1,36.1,86.1,63,M,1
37.9,13.9,4.98,7.9,201,27.9,36.7,76.1,25,M,1
35.2,11.9,3.81,7.4,249,31.2,33.8,92.4,23,F,0
40.3,13.5,4.86,7.6,352,27.8,33.5,82.9,38,F,0
47.1,16.3,5.44,2.5,132,30.0,34.6,86.6,20,M,0
39.8,12.9,4.55,6.1,268,28.4,32.4,87.5,49,F,1
41.8,14.2,4.84,6.1,187,29.3,34.0,86.4,86,M,0
28.8,9.5,3.4,19.0,351,27.9,33.0,84.7,62,F,1
43.9,15.2,5.3,6.9,289,28.7,34.6,82.8,34,M,1
43.4,14.5,4.87,6.8,392,29.8,33.4,89.1,47,M,1
36.0,11.6,5.47,8.0,262,21.2,32.2,65.8,79,F,0
38.5,12.5,4.64,9.2,403,26.9,32.5,83.0,39,F,1
38.0,12.4,4.75,7.3,411,26.1,32.6,80.0,14,F,0
40.4,13.9,4.76,5.3,269,29.2,34.4,84.9,16,F,0
31.4,11.2,3.92,8.1,410,28.6,35.7,80.1,52,M,1
39.7,13.4,4.52,4.3,203,29.6,33.8,87.8,45,M,0
32.2,10.7,3.59,5.8,100,29.8,33.2,89.7,24,F,1
30.5,10.0,3.46,7.3,230,28.9,32.8,88.2,62,M,1
39.7,13.2,5.01,13.9,436,26.3,33.2,79.2,52,M,1
41.8,14.0,5.13,5.6,120,27.3,33.5,81.5,15,M,1
35.8,11.0,6.62,7.6,185,16.6,30.7,54.1,23,M,0
49.3,16.3,6.18,15.9,215,26.4,33.1,79.8,17,M,0
40.1,13.5,4.98,4.6,203,27.1,33.7,80.5,25,F,0
44.4,15.1,5.36,5.8,230,28.2,34.0,82.8,30,M,0
42.5,13.7,5.37,4.8,152,25.5,32.2,79.1,14,M,1
31.8,10.0,4.83,4.7,543,20.7,31.4,65.8,52,M,0
33.5,10.8,3.55,3.2,144,30.4,32.2,94.4,79,F,0
36.2,12.0,4.09,4.1,139,29.3,33.1,88.5,67,M,1
47.4,15.9,5.8,9.2,236,27.4,33.5,81.7,34,M,0
37.9,11.9,5.46,11.6,359,21.8,31.4,69.4,74,M,0
29.0,9.2,3.24,3.7,245,28.4,31.7,89.5,33,M,1
44.9,14.4,5.64,9.8,338,25.5,32.1,79.6,46,F,0
44.1,14.7,4.73,6.0,261,31.1,33.3,93.2,62,F,0
41.0,14.6,4.64,5.9,160,31.5,35.6,88.4,90,M,1
34.6,11.2,4.3,5.9,448,26.0,32.4,80.5,54,M,0
38.2,12.7,4.94,10.2,383,25.7,33.2,77.3,63,F,1
25.1,8.5,2.92,5.2,261,29.1,33.9,86.0,66,M,0
39.9,12.9,5.42,2.4,163,23.8,32.3,73.6,5,F,0
47.2,15.7,6.42,8.2,345,24.5,33.3,73.5,29,M,0
40.5,13.3,4.66,7.1,333,28.5,32.8,86.9,40,F,0
31.9,10.3,3.58,19.2,180,28.8,32.3,89.1,74,M,1
47.7,15.8,5.46,8.9,340,28.9,33.1,87.4,46,M,0
29.8,9.8,4.03,16.2,263,24.3,32.9,73.9,67,F,1
42.3,14.5,4.77,5.4,265,30.4,34.3,88.7,61,M,0
43.0,14.8,5.66,3.9,179,26.1,34.4,76.0,35,F,0
45.6,15.3,5.43,7.2,176,28.2,33.6,84.0,55,M,0
45.0,15.4,5.31,6.4,313,29.0,34.2,84.7,37,M,1
39.6,13.5,5.19,12.8,340,26.0,34.1,76.3,5,M,0
43.7,14.6,5.21,9.1,433,28.0,33.4,83.9,19,F,0
43.5,15.0,5.3,15.6,228,28.3,34.5,82.1,18,M,0
32.7,11.0,4.66,6.9,194,23.6,33.6,70.2,24,M,0
48.2,16.3,5.66,5.6,179,28.8,33.8,85.2,33,M,0
30.1,9.9,3.53,17.4,150,28.0,32.9,85.3,69,M,1
46.0,14.9,5.67,6.0,260,26.3,32.4,81.1,24,M,0
48.3,16.0,6.19,10.0,240,25.8,33.1,78.0,31,M,0
34.6,11.2,4.42,7.0,152,25.3,32.4,78.3,1,F,1
38.6,13.2,4.7,6.5,403,28.1,34.2,82.1,30,F,0
39.0,12.8,4.73,7.0,275,27.1,32.8,82.5,33,F,0
42.1,14.2,4.8,9.6,307,29.6,33.7,87.7,54,F,0
38.2,13.0,4.46,5.8,142,29.1,34.0,85.7,25,F,1
38.2,12.4,4.4,8.4,328,28.2,32.5,86.8,64,M,0
44.8,15.4,5.31,6.1,234,29.0,34.4,84.4,21,M,0
29.0,9.3,3.23,9.6,265,28.8,32.1,89.8,72,M,0
42.2,14.0,4.9,12.9,279,28.6,33.2,86.1,36,F,0
42.6,14.8,4.49,9.9,330,33.0,34.7,94.9,59,M,0
35.2,11.7,4.29,5.6,225,27.3,33.2,82.1,5,F,0
39.9,13.3,4.66,10.9,353,28.5,33.3,85.6,53,F,0
38.3,12.6,4.5,6.8,398,28.0,32.9,85.1,48,F,0
37.0,12.1,4.67,9.8,476,25.9,32.7,79.2,56,F,0
37.5,12.3,3.92,4.8,315,31.4,32.8,95.7,56,F,0
37.4,12.5,4.1,4.9,270,30.5,33.4,91.2,82,F,0
43.1,14.7,5.14,7.7,393,28.6,34.1,83.9,20,M,1
39.4,13.8,4.86,2.3,64,28.4,35.0,81.1,30,M,1
46.6,16.6,5.85,6.1,112,28.4,35.6,79.7,18,M,0
33.9,11.0,4.06,7.1,512,27.1,32.4,83.5,65,M,1
35.5,11.6,3.58,7.4,246,32.4,32.7,99.2,67,M,0
34.3,10.8,4.9,5.4,255,22.0,31.5,70.0,66,F,0
39.3,13.9,5.17,9.2,272,26.9,35.4,76.0,2,M,0
33.9,11.7,4.03,8.6,220,29.0,34.5,84.1,30,F,0
29.6,9.6,3.51,10.7,246,27.4,32.4,84.3,74,M,1
29.1,9.3,3.39,10.0,122,27.4,32.0,85.8,26,M,1
34.7,11.8,3.96,6.5,303,29.8,34.0,87.6,60,M,1
40.7,13.6,4.52,8.2,303,30.1,33.4,90.0,48,F,0
48.2,16.1,5.16,6.4,125,31.2,33.4,93.4,77,M,0
43.3,15.0,5.14,5.3,19,29.2,34.6,84.2,21,M,1
44.0,14.1,5.56,9.0,252,25.4,32.0,79.1,54,F,0
26.8,8.9,3.58,6.8,10,24.9,33.2,74.9,54,F,1
34.3,11.3,3.93,7.1,231,28.8,32.9,87.3,61,F,0
23.7,7.2,4.0,7.0,275,18.0,30.4,59.3,40,F,0
43.1,14.4,5.21,6.5,150,27.6,33.4,82.7,33,F,1
43.5,14.6,4.98,8.0,183,29.3,33.6,87.3,77,M,0
34.4,11.7,4.17,8.7,307,28.1,34.0,82.5,30,F,0
39.9,13.4,4.34,5.7,364,30.9,33.6,91.9,35,F,0
40.5,14.2,4.77,8.2,278,29.8,35.1,84.9,45,M,0
45.6,14.5,5.28,8.6,396,27.5,31.8,86.4,59,M,0
36.9,12.7,4.54,6.4,246,28.0,34.4,81.3,34,F,0
39.0,13.1,4.65,11.3,352,28.2,33.6,83.9,22,F,0
24.4,7.4,3.06,7.3,247,24.2,30.3,79.7,37,F,1
38.6,12.8,4.42,4.7,236,29.0,33.2,87.3,82,F,0
47.0,15.7,5.63,9.4,50,27.9,33.4,83.5,22,M,1
29.5,10.1,3.3,11.6,232,30.6,34.2,89.4,75,F,1
29.1,9.4,3.37,12.8,416,27.9,32.3,86.4,77,F,0
31.0,10.6,3.23,7.3,227,32.8,34.2,96.0,68,F,0
47.9,15.2,5.97,5.8,258,25.5,31.7,80.2,29,M,0
36.0,12.0,4.11,8.3,399,29.2,33.3,87.6,5,M,0
41.9,13.8,4.82,9.4,328,28.6,32.9,86.9,41,F,1
39.2,12.9,4.54,8.5,359,28.4,32.9,86.3,63,M,0
31.8,10.7,4.17,8.4,226,25.7,33.6,76.3,59,M,0
36.6,12.5,4.64,5.8,176,26.9,34.2,78.9,10,M,0
34.7,12.3,4.16,6.6,229,29.6,35.4,83.4,47,F,0
28.5,9.3,3.26,17.2,135,28.5,32.6,87.4,82,F,1
35.9,11.7,4.95,7.8,296,23.6,32.6,72.5,30,F,1
34.2,11.3,3.88,8.1,201,29.1,33.0,88.1,78,M,1
34.9,11.8,3.86,6.5,211,30.6,33.8,90.4,47,F,0
45.3,15.7,5.31,6.5,246,29.6,34.7,85.3,37,M,0
37.4,12.2,4.69,4.4,333,26.0,32.6,79.7,2,F,0
49.7,16.0,6.91,5.5,12,23.2,32.2,71.9,25,M,1
38.1,12.8,4.14,2.0,72,30.9,33.6,92.0,46,F,1
44.0,15.1,5.21,5.9,279,29.0,34.3,84.5,26,M,0
37.4,13.1,4.69,4.6,306,27.9,35.0,79.7,6,M,1
40.4,13.7,4.75,4.5,124,28.8,33.9,85.1,25,M,1
38.0,11.8,5.28,9.6,216,22.3,31.1,72.0,23,F,0
38.3,13.0,4.25,7.3,304,30.6,33.9,90.1,52,F,0
42.3,14.5,5.51,6.7,29,26.3,34.3,76.8,11,F,1
48.4,16.0,5.67,3.0,60,28.2,33.1,85.4,62,F,0
44.3,15.2,4.89,3.8,153,31.1,34.3,90.6,57,M,0
42.0,14.4,4.87,11.4,467,29.6,34.3,86.2,53,M,1
36.5,12.1,4.56,3.6,120,26.5,33.2,80.0,10,M,1
36.8,12.9,4.67,5.7,235,27.6,35.1,78.8,1,F,0
42.9,14.1,5.17,6.2,97,27.3,32.9,83.0,33,F,1
44.5,14.2,4.76,17.3,445,29.8,31.9,93.5,87,F,0
41.4,14.4,4.72,9.2,247,30.5,34.8,87.7,35,M,1
42.4,14.7,4.64,6.6,156,31.7,34.7,91.4,65,M,0
35.4,11.8,3.82,10.3,309,30.9,33.3,92.7,72,F,0
32.6,11.9,3.84,16.3,351,31.0,36.5,84.9,63,M,1
45.9,15.0,5.35,8.9,100,28.0,32.7,85.8,69,M,0
45.5,14.9,5.17,8.1,467,28.8,32.7,88.0,48,M,0
43.5,14.1,4.85,6.5,422,29.1,32.4,89.7,62,M,0
37.3,12.7,4.04,7.1,219,31.4,34.0,92.3,68,F,0
42.1,14.5,4.94,7.4,196,29.4,34.4,85.2,60,M,0
38.4,12.7,4.28,11.4,180,29.7,33.1,89.7,77,M,0
36.1,12.4,4.24,6.0,207,29.2,34.3,85.1,69,M,1
34.1,11.4,3.78,7.9,303,30.2,33.4,90.2,32,F,0
43.0,14.2,4.75,5.0,141,29.9,33.0,90.5,18,M,1
29.4,10.0,3.26,7.8,85,30.7,34.0,90.2,67,F,1
38.9,13.0,4.29,10.7,280,30.3,33.4,90.7,36,M,0
30.4,10.6,3.72,7.8,226,28.5,34.9,81.7,31,F,0
33.8,11.0,4.01,15.0,734,27.4,32.5,84.3,81,F,1
46.7,15.8,5.29,6.7,267,29.9,33.8,88.3,32,M,0
41.7,14.4,4.87,5.8,159,29.6,34.5,85.6,51,M,0
46.0,15.9,5.26,6.8,317,30.2,34.6,87.5,30,M,1
36.2,11.9,3.97,16.8,617,30.0,32.9,91.2,42,M,1
42.3,13.7,5.01,17.7,280,27.3,32.4,84.4,62,F,0
36.3,12.4,4.41,7.7,263,28.1,34.2,82.3,74,M,1
38.0,12.6,4.58,3.3,220,27.5,33.2,83.0,32,F,0
45.8,15.1,5.36,7.0,275,28.2,33.0,85.4,28,M,0
44.8,14.9,5.35,10.2,441,27.9,33.3,83.7,13,M,1
50.2,16.7,5.71,8.6,299,29.2,33.3,87.9,43,M,0
26.0,8.7,2.94,10.0,227,29.6,33.5,88.4,56,M,1
46.9,15.7,5.23,6.9,251,30.0,33.5,89.7,25,M,0
35.3,11.9,4.43,5.8,167,26.9,33.7,79.7,32,F,1
39.7,13.4,4.48,14.6,469,29.9,33.8,88.6,72,M,1
40.4,13.2,5.02,4.7,282,26.3,32.7,80.5,34,M,0
46.0,15.4,5.64,3.1,153,27.3,33.5,81.6,33,F,1
43.4,14.7,4.75,11.5,289,30.9,33.9,91.4,73,M,0
44.5,14.4,5.68,2.1,86,25.4,32.4,78.3,14,M,1
37.1,12.4,4.27,9.5,330,29.0,33.4,86.9,58,F,1
48.8,16.5,5.64,2.5,99,29.3,33.8,86.5,25,M,0
42.8,14.4,4.86,9.5,425,29.6,33.6,88.1,36,F,1
41.0,13.8,4.65,6.1,118,29.7,33.7,88.2,55,M,1
39.7,12.9,4.38,4.6,285,29.5,32.5,90.6,47,F,0
33.3,10.9,3.7,10.1,396,29.5,32.7,90.0,55,F,0
35.8,13.4,4.48,7.8,413,29.9,37.4,79.9,38,F,0
40.3,13.0,4.47,12.4,521,29.1,32.3,90.2,49,M,0
36.0,12.0,4.25,12.3,412,28.2,33.3,84.7,37,F,0
51.6,18.2,6.26,13.3,262,29.1,35.3,82.4,38,M,0
36.6,13.1,4.03,13.9,150,32.5,35.8,90.8,72,F,1
37.1,12.4,4.29,11.4,330,28.9,33.4,86.5,32,F,1
40.5,14.0,4.63,6.9,276,30.2,34.6,87.5,60,M,1
35.5,11.6,4.67,1.7,111,24.8,32.7,76.0,10,F,1
37.1,12.5,4.34,4.9,276,28.8,33.7,85.5,58,F,1
40.2,13.9,4.41,5.5,203,31.5,34.6,91.2,80,M,1
46.4,15.0,5.31,11.7,293,28.2,32.3,87.4,43,M,0
32.8,10.4,3.49,8.1,72,29.8,31.7,94.0,92,F,1
44.3,15.5,5.07,6.8,332,30.6,35.0,87.4,39,M,0
43.7,14.8,5.13,4.4,377,28.8,33.9,85.2,54,M,0
48.6,15.9,6.07,7.2,329,26.2,32.7,80.1,51,M,0
25.4,8.2,2.87,4.9,55,28.6,32.3,88.5,69,F,0
38.3,12.6,4.22,5.1,244,29.9,32.9,90.8,80,F,0
27.6,9.8,3.93,17.1,153,24.9,35.5,70.2,56,M,1
38.3,13.0,4.37,8.4,145,29.7,33.9,87.6,82,M,1
47.7,15.8,5.72,8.2,35,27.6,33.1,83.4,22,M,1
39.7,12.8,4.97,3.2,249,25.8,32.2,79.9,23,F,0
37.7,12.6,4.29,8.2,308,29.4,33.4,87.9,75,F,1
43.8,15.8,5.26,4.9,69,30.0,36.1,83.3,59,M,1
29.8,9.6,3.81,11.7,157,25.2,32.2,78.2,50,M,1
28.4,9.4,3.51,4.5,139,26.8,33.1,80.9,58,M,1
37.6,11.3,5.5,15.8,376,20.5,30.1,68.4,42,F,0
44.3,14.8,4.89,7.4,370,30.3,33.4,90.6,14,M,1
36.1,12.3,4.42,2.4,123,27.8,34.1,81.7,48,F,1
36.2,11.8,4.38,11.7,335,26.9,32.6,82.6,38,F,1
46.0,15.0,5.19,6.9,226,28.9,32.6,88.6,60,M,0
41.1,13.7,4.95,3.8,204,27.7,33.3,83.0,25,F,0
44.0,14.6,5.6,1.2,76,26.1,33.2,78.6,12,M,1
44.3,14.4,5.37,34.7,736,26.8,32.5,82.5,49,M,0
33.5,11.1,3.58,3.6,258,31.0,33.1,93.6,43,F,0
45.8,15.5,5.29,8.9,249,29.3,33.8,86.6,37,M,0
33.5,11.0,3.4,8.0,244,32.4,32.8,98.5,63,F,0
36.8,11.9,4.69,1.9,108,25.4,32.3,78.5,1,F,1
41.0,13.8,4.61,6.6,263,29.9,33.7,88.9,60,M,1
43.4,15.6,5.4,7.2,284,28.9,35.9,80.4,11,M,0
40.2,13.7,4.62,15.2,292,29.7,34.1,87.0,36,F,0
36.5,12.6,4.23,19.3,82,29.8,34.5,86.3,45,F,1
32.2,11.4,3.58,5.6,337,31.8,35.4,89.9,58,F,1
30.8,11.5,4.05,34.9,523,28.4,37.3,76.0,66,M,0
30.2,11.1,3.54,4.9,277,31.4,36.8,85.3,76,F,0
41.1,13.6,4.96,6.6,150,27.4,33.1,82.9,22,M,1
39.0,11.6,5.57,9.0,353,20.8,29.7,70.0,40,M,0
42.7,14.2,4.78,5.7,300,29.7,33.3,89.3,50,M,1
46.4,15.4,5.45,10.6,344,28.3,33.2,85.1,60,F,0
37.9,12.8,4.48,9.4,387,28.6,33.8,84.6,66,M,1
35.9,10.4,5.45,8.0,500,19.1,29.0,65.9,30,M,1
38.8,13.5,5.17,4.8,270,26.1,34.8,75.0,5,M,0
29.8,9.7,3.79,14.1,344,25.6,32.6,78.6,73,F,0
28.4,10.6,4.03,9.0,329,26.3,37.3,70.5,65,F,0
37.5,12.5,4.57,3.8,115,27.4,33.3,82.1,8,M,1
34.6,11.6,3.82,1.8,137,30.4,33.5,90.6,50,F,1
41.2,14.4,4.79,8.5,285,30.1,35.0,86.0,59,M,0
37.5,12.7,4.46,5.0,211,28.5,33.9,84.1,34,F,0
39.8,13.6,4.31,8.4,350,31.6,34.2,92.3,61,F,0
38.0,11.9,5.29,5.0,472,22.5,31.3,71.8,42,M,0
38.3,12.7,4.4,7.3,324,28.9,33.2,87.0,34,F,1
43.4,14.2,5.35,4.8,256,26.5,32.7,81.1,29,M,0
32.3,11.1,3.75,15.2,481,29.6,34.4,86.1,73,M,0
41.5,14.1,4.9,5.0,86,28.8,34.0,84.7,70,F,0
40.1,13.4,4.38,4.8,372,30.6,33.4,91.6,52,F,0
37.6,12.8,4.22,5.0,40,30.3,34.0,89.1,61,F,1
46.6,15.4,5.2,6.1,316,29.6,33.0,89.6,63,F,0
29.6,10.0,3.42,8.2,286,29.2,33.8,86.5,57,F,0
40.0,13.7,4.83,3.5,33,28.4,34.3,82.8,49,F,1
41.7,14.0,4.96,8.2,281,28.2,33.6,84.1,57,F,0
41.0,13.4,4.68,4.8,85,28.6,32.7,87.6,46,F,1
44.7,15.0,5.09,10.4,340,29.5,33.6,87.8,54,M,1
27.3,9.4,3.82,21.0,112,24.6,34.4,71.5,56,M,1
28.0,8.7,3.26,1.1,28,26.7,31.1,85.9,45,F,0
42.9,15.0,5.11,7.3,294,29.4,35.0,84.0,24,M,1
40.5,14.3,4.95,2.5,50,28.9,35.3,81.8,57,F,1
27.0,8.9,2.75,11.0,143,32.4,33.0,98.2,72,M,1
44.1,14.8,4.93,12.2,198,30.0,33.6,89.5,69,F,0
42.7,14.0,5.15,11.0,338,27.2,32.8,82.9,67,F,0
40.3,13.9,4.33,10.8,285,32.1,34.5,93.1,79,M,0
46.0,15.2,5.47,7.1,244,27.8,33.0,84.1,49,M,0
38.9,12.9,4.3,7.1,350,30.0,33.2,90.5,54,M,0
38.1,13.0,4.38,11.9,145,29.7,34.1,87.0,82,M,1
33.3,11.0,3.82,8.0,312,28.8,33.0,87.2,36,F,1
27.1,8.7,3.5,13.8,312,24.9,32.1,77.4,81,M,1
37.9,12.1,4.53,6.6,251,26.7,31.9,83.7,39,F,0
40.0,13.3,4.8,5.7,211,27.7,33.3,83.3,31,F,0
33.1,10.9,4.59,6.2,245,23.7,32.9,72.1,3,F,1
28.4,9.1,3.34,6.1,216,27.2,32.0,85.0,60,F,0
36.1,11.9,4.11,15.7,248,29.0,33.0,87.8,34,F,1
38.9,13.6,4.55,4.6,105,29.9,35.0,85.5,41,M,1
39.9,14.0,4.88,14.4,314,28.7,35.1,81.8,61,M,1
35.7,10.9,3.85,9.0,366,28.3,30.5,92.7,80,F,1
35.2,11.9,3.92,11.5,208,30.4,33.8,89.8,62,M,1
44.3,15.0,5.3,8.2,169,28.3,33.9,83.6,38,M,1
51.9,17.4,5.94,7.9,245,29.3,33.5,87.4,51,M,1
38.2,12.8,4.72,6.4,281,27.1,33.5,80.9,21,F,0
23.5,8.1,2.9,14.2,156,27.9,34.5,81.0,66,M,1
46.5,15.5,5.32,6.7,284,29.1,33.3,87.4,45,M,0
44.3,15.6,5.36,5.3,257,29.1,35.2,82.6,33,M,0
38.4,12.5,4.2,7.2,303,29.8,32.6,91.4,31,F,0
37.1,12.1,4.58,7.9,387,26.4,32.6,81.0,61,F,0
36.5,11.9,4.08,9.8,478,29.2,32.6,89.5,55,F,1
53.0,16.3,7.54,4.3,112,21.6,30.8,70.3,1,F,1
42.2,13.9,4.56,7.4,247,30.5,32.9,92.5,64,F,0
40.9,13.8,4.27,11.6,270,32.3,33.7,95.8,72,M,0
45.4,15.3,4.8,6.2,258,31.9,33.7,94.6,59,M,0
30.8,10.4,3.4,16.3,246,30.6,33.8,90.6,49,F,1
32.5,10.2,4.04,3.5,64,25.2,31.4,80.4,26,M,1
36.4,12.0,4.51,8.0,479,26.6,33.0,80.7,44,M,0
47.7,16.4,5.4,5.8,304,30.4,34.4,88.3,55,M,0
36.7,12.6,4.2,12.4,242,30.0,34.3,87.4,29,F,0
26.7,9.3,3.24,14.9,368,28.7,34.8,82.4,50,M,1
37.1,12.4,4.7,3.6,95,26.4,33.4,78.9,11,F,1
29.8,9.9,4.24,4.7,177,23.3,33.2,70.3,24,M,1
40.1,13.5,4.25,4.9,302,31.8,33.7,94.4,25,F,0
55.8,17.8,6.75,14.5,637,26.4,31.9,82.7,62,M,1
27.5,9.0,3.3,9.7,207,27.3,32.7,83.3,74,M,1
40.3,13.0,4.77,7.9,270,27.3,32.3,84.5,77,F,0
43.0,14.3,5.13,7.3,214,27.9,33.3,83.8,33,F,0
24.2,8.1,2.52,5.9,150,32.1,33.5,96.0,60,M,1
36.3,11.8,4.25,5.8,408,27.8,32.5,85.4,46,F,0
38.5,13.1,4.43,6.7,345,29.6,34.0,86.9,27,F,0
43.9,14.4,5.34,9.1,320,27.0,32.8,82.2,32,M,0
37.8,12.0,5.5,11.1,387,21.8,31.7,68.7,74,M,1
23.9,7.4,2.89,4.2,119,25.6,31.0,82.7,70,M,0
38.6,13.5,4.66,16.4,324,29.0,35.0,82.8,28,F,0
43.9,15.0,5.07,4.0,115,29.6,34.2,86.6,33,M,1
37.1,12.4,4.65,4.6,130,26.7,33.4,79.8,59,M,1
32.8,12.0,3.58,5.4,480,33.5,36.6,91.6,46,F,0
32.4,10.3,4.2,5.2,518,24.5,31.8,77.1,48,F,0
44.5,14.9,5.39,8.9,330,27.6,33.5,82.6,29,M,1
45.1,16.0,5.21,7.1,232,30.7,35.5,86.6,64,M,0
30.4,9.7,3.85,15.6,237,25.2,31.9,79.0,50,M,1
39.9,13.3,5.17,7.5,297,25.7,33.3,77.2,6,F,0
40.7,14.2,5.14,10.1,295,27.6,34.9,79.2,9,M,0
31.2,10.5,3.53,12.4,348,29.7,33.7,88.4,66,M,1
36.1,12.3,4.86,21.2,254,25.3,34.1,74.3,68,M,1
41.5,14.6,5.08,11.4,347,28.7,35.2,81.7,61,M,0
37.1,12.3,4.37,18.5,298,28.1,33.2,84.9,55,M,1
45.0,15.1,4.71,12.2,798,32.1,33.6,95.5,64,M,1
38.1,12.9,4.71,5.0,295,27.4,33.9,80.9,66,M,0
36.0,12.0,4.77,3.5,105,25.2,33.3,75.5,10,F,1
24.3,6.8,2.94,17.2,433,23.1,28.0,82.7,55,F,0
35.5,11.8,4.31,6.5,252,27.4,33.2,82.4,42,M,0
40.9,13.6,4.95,5.1,65,27.5,33.3,82.6,22,M,1
36.5,12.5,4.08,5.0,116,30.6,34.2,89.5,61,F,1
43.5,14.3,5.12,14.3,340,27.9,32.9,85.0,31,M,1
57.0,18.8,6.35,5.9,299,29.6,33.0,89.8,32,M,0
33.7,11.4,3.88,18.1,193,29.4,33.8,86.9,80,M,1
36.7,13.1,3.83,7.3,265,34.2,35.7,95.8,86,M,0
36.2,12.4,4.39,10.0,352,28.2,34.3,82.5,26,F,0
42.2,13.9,5.6,7.7,346,24.8,32.9,75.4,36,M,0
40.4,13.3,4.69,6.6,320,28.4,32.9,86.1,21,F,0
34.9,12.6,4.1,18.5,400,30.7,36.1,85.1,63,M,1
39.7,13.4,4.65,7.9,276,28.8,33.8,85.4,61,F,1
39.8,13.3,4.26,4.8,210,31.2,33.4,93.4,54,M,0
40.8,13.5,4.64,7.7,289,29.1,33.1,87.9,27,F,0
33.5,11.1,3.82,12.4,152,29.1,33.1,87.7,56,M,1
39.9,13.4,4.72,20.6,244,28.4,33.6,84.5,55,M,1
29.9,9.9,3.21,6.6,95,30.8,33.1,93.1,45,M,1
38.1,11.6,5.63,6.8,350,20.6,30.4,67.7,75,F,0
35.7,11.9,4.11,6.6,247,29.0,33.3,86.9,29,F,0
37.6,12.7,4.29,19.7,300,29.6,33.8,87.6,54,M,1
30.9,10.4,3.63,10.8,450,28.7,33.7,85.1,44,M,1
38.6,12.8,4.45,10.8,298,28.8,33.2,86.7,38,F,0
39.1,13.0,4.28,5.1,329,30.4,33.2,91.4,50,F,0
39.7,13.4,4.83,2.5,89,27.7,33.8,82.2,11,F,0
47.6,16.9,5.34,6.1,166,31.6,35.5,89.1,57,M,1
36.2,12.3,4.35,1.5,81,28.3,34.0,83.2,37,F,1
38.9,12.4,4.21,7.0,288,29.5,31.9,92.4,63,F,0
43.0,13.8,6.63,5.6,164,20.8,32.1,64.9,36,M,0
39.9,13.4,4.66,7.3,259,28.8,33.6,85.6,76,M,1
33.4,11.0,3.95,11.0,536,27.8,32.9,84.6,73,F,0
43.9,14.0,4.97,2.4,175,28.2,31.9,88.3,47,F,0
41.3,13.5,5.29,16.5,359,25.5,32.7,78.1,57,F,0
31.2,11.1,3.03,10.8,179,36.6,35.6,103.0,78,M,1
35.6,11.9,4.03,8.6,301,29.5,33.4,88.3,43,F,1
42.7,14.7,5.07,10.0,246,29.0,34.4,84.2,59,M,0
21.9,7.3,3.06,22.6,237,23.9,33.3,71.6,53,M,0
44.6,15.1,5.15,7.5,308,29.3,33.9,86.6,57,M,0
38.5,13.1,4.44,11.4,216,29.5,34.0,86.7,64,M,0
38.8,12.8,4.28,4.4,267,29.9,33.0,90.7,40,F,0
42.9,14.0,4.57,6.2,336,30.6,32.6,93.9,70,F,0
41.3,13.7,4.69,4.0,123,29.2,33.2,88.1,55,M,0
38.5,13.1,4.51,6.3,325,29.0,34.0,85.4,32,F,0
35.5,12.1,4.03,8.1,287,30.0,34.1,88.1,28,F,1
31.7,10.7,3.84,17.7,232,27.9,33.8,82.6,55,F,1
50.3,16.7,6.13,9.0,35,27.2,33.2,82.1,18,M,1
38.4,13.1,4.15,5.3,178,31.6,34.1,92.5,48,M,0
33.2,11.3,3.85,9.9,173,29.4,34.0,86.2,25,F,1
38.5,12.5,4.8,19.2,403,26.0,32.5,80.2,40,F,1
35.4,12.0,4.32,10.3,256,27.8,33.9,81.9,89,F,1
38.1,12.9,4.16,10.6,233,31.0,33.9,91.6,72,F,0
46.0,15.6,4.86,14.2,248,32.1,33.9,94.7,47,M,0
34.4,11.5,3.98,6.2,150,28.9,33.4,86.4,41,F,1
34.6,11.5,4.28,7.2,286,26.9,33.2,80.8,4,M,0
46.1,15.8,5.49,13.7,247,28.8,34.3,84.0,70,M,0
27.6,8.4,3.41,6.2,299,24.6,30.4,80.9,42,M,0
25.4,8.5,2.95,5.2,390,28.8,33.5,86.1,43,M,0
33.6,11.0,3.99,10.7,408,27.6,32.7,84.2,77,F,1
41.0,13.1,5.11,5.4,251,25.6,32.0,80.2,58,F,0
34.3,12.4,4.51,2.7,234,27.5,36.2,76.1,9,M,0
39.5,13.0,4.64,24.1,215,28.0,32.9,85.1,58,F,0
41.0,13.3,4.59,5.8,332,29.0,32.4,89.3,43,M,0
40.6,13.8,5.2,13.1,374,26.5,34.0,78.1,56,F,1
48.3,16.0,6.24,10.0,332,25.6,33.1,77.4,46,M,0
40.2,14.0,4.9,7.7,255,28.6,34.8,82.0,33,M,0
39.9,11.8,3.84,10.0,196,30.7,29.6,103.9,74,F,0
45.4,16.0,5.92,7.6,311,27.0,35.2,76.7,26,M,0
26.4,8.8,2.87,9.4,227,30.7,33.3,92.0,49,F,1
47.8,15.7,5.77,9.7,182,27.2,32.8,82.8,71,M,0
33.0,11.5,3.63,13.2,116,31.7,34.8,90.9,52,F,1
32.5,10.9,3.93,17.8,198,27.7,33.5,82.7,67,F,1
44.8,14.8,5.5,2.0,212,26.9,33.0,81.5,19,M,0
36.0,11.1,4.7,6.8,222,23.6,30.8,76.6,84,M,0
45.1,15.6,4.86,4.6,228,32.1,34.6,92.8,55,M,0
36.5,12.4,4.02,4.4,272,30.8,34.0,90.8,62,F,1
42.3,13.8,5.0,7.3,289,27.6,32.6,84.6,22,M,0
32.6,11.4,3.62,12.6,150,31.5,35.0,90.1,57,M,1
41.4,14.2,5.11,9.5,322,27.8,34.3,81.0,5,M,0
43.6,14.9,4.68,15.4,241,31.8,34.2,93.2,82,M,0
43.2,12.8,5.88,10.9,320,21.8,29.6,73.5,48,F,0
33.9,11.3,3.61,12.9,273,31.3,33.3,93.9,62,F,1
44.1,14.4,5.4,5.6,213,26.7,32.7,81.7,8,F,0
37.9,12.7,4.82,2.9,182,26.3,33.5,78.6,2,M,0
36.2,11.9,4.01,4.4,33,29.7,32.9,90.3,37,F,1
39.1,12.5,4.21,7.2,255,29.7,32.0,92.9,61,F,1
43.9,14.6,5.95,9.8,372,24.5,33.3,73.8,50,F,0
40.6,13.3,4.56,8.1,324,29.2,32.8,89.0,24,F,0
39.5,13.2,4.55,2.3,74,29.0,33.4,86.8,47,F,1
38.8,13.3,4.79,17.8,482,27.8,34.3,81.0,64,F,0
46.0,15.6,5.56,6.1,319,28.1,33.9,82.7,22,M,0
32.7,9.8,4.33,7.8,353,22.6,30.0,75.5,32,F,0
39.0,12.8,4.73,6.0,383,27.1,32.8,82.5,33,F,0
43.6,14.2,5.03,11.1,252,28.2,32.6,86.7,43,M,1
40.7,13.5,4.54,11.6,444,29.7,33.2,89.6,60,F,0
38.9,12.6,4.76,14.5,396,26.5,32.4,81.7,68,F,1
43.4,14.2,4.94,7.3,240,28.7,32.7,87.9,55,M,1
38.8,13.7,4.42,7.5,423,31.0,35.3,87.8,22,F,0
37.8,12.8,4.27,5.3,268,30.0,33.9,88.5,24,F,1
44.5,14.6,5.8,6.2,267,25.2,32.8,76.7,36,M,0
43.6,14.2,4.96,6.0,290,28.6,32.6,87.9,69,F,0
46.2,15.2,5.66,5.1,68,26.9,32.9,81.6,22,M,1
41.5,13.3,5.22,1.9,135,25.5,32.0,79.5,14,M,1
31.0,10.4,3.49,7.7,386,29.8,33.5,88.8,66,F,0
38.8,12.6,4.48,15.0,150,28.1,32.5,86.6,55,M,1
41.1,13.4,4.62,11.6,324,29.0,32.6,89.0,61,M,1
34.2,11.5,3.98,4.3,288,28.9,33.6,85.9,28,F,0
44.7,15.3,5.48,4.7,211,27.9,34.2,81.6,38,M,1
40.4,13.7,4.15,5.9,160,33.0,33.9,97.3,74,M,0
47.5,16.6,5.61,7.4,338,29.6,34.9,84.7,24,M,0
38.6,12.7,4.31,6.2,360,29.5,32.9,89.6,75,M,0
18.6,6.1,2.25,8.6,22,27.1,32.8,82.7,68,M,1
35.0,12.2,4.33,8.4,94,28.2,34.9,80.8,76,M,1
30.2,10.1,3.28,26.8,129,30.8,33.4,92.1,64,M,1
38.3,13.3,4.27,10.4,260,31.1,34.7,89.7,49,F,0
32.6,11.5,4.16,12.2,397,27.6,35.3,78.4,89,F,0
44.5,14.5,4.89,8.0,341,29.7,32.6,91.0,41,M,0
37.2,12.2,4.53,7.1,207,26.9,32.8,82.1,66,M,1
40.8,14.3,4.38,9.5,200,32.6,35.0,93.2,67,M,0
36.3,11.8,4.44,6.2,342,26.6,32.5,81.8,24,F,0
42.5,13.9,5.03,11.0,394,27.6,32.7,84.5,53,M,0
28.9,10.1,3.47,13.6,151,29.1,34.9,83.3,53,M,1
24.1,7.6,2.53,5.8,248,30.0,31.5,95.3,81,M,0
42.2,14.4,4.95,11.1,182,29.1,34.1,85.3,24,M,1
29.7,10.0,3.39,8.3,261,29.5,33.7,87.6,61,M,1
37.1,11.7,5.01,6.9,391,23.4,31.5,74.1,23,F,0
38.7,13.6,4.96,7.9,205,27.4,35.1,78.0,7,M,0
47.8,15.6,5.7,7.1,122,27.4,32.6,83.9,53,M,1
44.0,15.3,5.32,6.2,250,28.8,34.8,82.7,35,M,0
36.1,12.0,4.6,2.8,161,26.1,33.2,78.5,11,F,0
38.9,13.0,4.21,12.0,307,30.9,33.4,92.4,54,F,1
38.8,13.0,4.55,5.0,189,28.6,33.5,85.3,57,F,1
40.0,13.4,4.74,13.8,296,28.3,33.5,84.4,63,M,0
49.4,16.5,5.82,8.5,281,28.4,33.4,84.9,30,M,0
42.9,14.1,4.91,11.4,300,28.7,32.9,87.4,28,F,0
37.7,12.7,4.4,8.1,327,28.9,33.7,85.7,62,F,1
33.3,11.2,3.47,7.5,252,32.3,33.6,96.0,63,F,0
27.8,9.3,2.97,12.8,306,31.3,33.5,93.6,75,F,1
36.3,11.8,4.07,4.8,285,29.0,32.5,89.2,61,F,0
30.0,10.4,3.48,10.3,266,29.9,34.7,86.2,73,M,1
42.3,14.7,4.91,9.3,301,29.9,34.8,86.2,64,F,0
35.7,11.8,4.04,5.7,235,29.2,33.1,88.4,39,F,0
31.9,10.5,4.1,11.7,268,25.6,32.9,77.8,51,M,1
23.6,8.2,2.59,6.7,120,31.7,34.7,91.1,77,M,1
35.2,13.0,4.16,17.6,334,31.3,36.9,84.6,62,M,0
46.5,15.3,6.01,7.2,150,25.5,32.9,77.4,25,M,0
39.8,14.2,4.84,8.2,293,29.3,35.7,82.2,63,M,1
38.7,12.5,5.0,5.3,77,25.0,32.3,77.4,9,F,1
37.8,13.3,4.58,14.4,395,29.0,35.2,82.5,12,M,1
25.4,8.3,2.82,10.8,197,29.4,32.7,90.1,74,M,1
32.6,10.3,3.82,7.6,327,27.0,31.6,85.3,74,M,0
43.9,15.0,5.15,10.0,340,29.1,34.2,85.2,46,M,0
36.3,11.9,4.35,7.7,321,27.4,32.8,83.4,21,F,0
44.0,14.8,5.14,5.5,174,28.8,33.6,85.6,24,M,1
39.6,12.4,5.6,6.4,495,22.1,31.3,70.7,34,F,0
36.6,12.2,4.45,7.7,311,27.4,33.3,82.2,54,F,0
37.2,12.8,4.45,5.7,301,28.8,34.4,83.6,31,M,0
29.9,9.6,3.4,5.7,378,28.2,32.1,87.9,80,M,0
44.1,14.4,4.75,8.7,356,30.3,32.7,92.8,69,M,0
31.1,9.9,3.97,14.2,300,24.9,31.8,78.3,81,M,1
43.5,13.8,5.4,9.7,314,25.6,31.7,80.6,25,F,0
42.1,14.7,4.76,10.2,299,30.9,34.9,88.4,65,F,0
37.6,12.7,4.48,4.1,179,28.3,33.8,83.9,37,F,1
36.5,12.0,3.63,6.7,249,33.1,32.9,100.6,87,F,1
43.2,14.4,4.52,8.6,276,31.9,33.3,95.6,55,M,0
43.2,14.1,5.57,7.0,75,25.3,32.6,77.6,9,F,1
30.6,10.2,3.61,4.5,185,28.3,33.3,84.8,59,F,0
34.4,11.7,4.34,5.8,213,27.0,34.0,79.3,3,M,0
48.1,15.5,6.69,2.5,35,23.2,32.2,71.9,25,M,0
43.7,14.3,5.01,9.9,240,28.5,32.7,87.2,43,M,1
37.0,12.5,4.35,9.4,258,28.7,33.8,85.1,62,F,1
30.4,9.8,3.24,6.8,346,30.2,32.2,93.8,52,F,0
42.9,15.0,5.02,8.3,315,29.9,35.0,85.5,46,M,0
30.1,10.7,3.45,10.2,308,31.0,35.5,87.2,81,M,1
49.8,17.1,5.74,8.9,295,29.8,34.3,86.8,28,M,0
32.8,10.2,5.48,6.6,340,18.6,31.1,59.9,52,F,0
39.2,13.2,5.05,2.1,142,26.1,33.7,77.6,9,F,1
33.6,12.1,3.93,16.9,414,30.8,36.0,85.5,63,M,1
37.9,12.9,4.26,7.7,236,30.3,34.0,89.0,43,M,0
43.3,14.1,4.49,12.0,200,31.4,32.6,96.4,82,M,1
26.6,8.7,2.85,9.3,135,30.5,32.7,93.3,29,M,1
26.5,8.9,2.77,6.8,247,32.1,33.6,95.7,72,M,1
45.7,15.9,5.67,3.8,10,28.0,34.8,80.6,45,M,1
45.9,15.1,6.11,14.0,319,24.7,32.9,75.1,12,M,0
35.4,11.9,3.9,5.3,243,30.5,33.6,90.8,35,F,0
36.5,11.9,4.74,10.0,394,25.1,32.6,77.0,1,F,0
41.0,13.5,4.91,7.8,330,27.5,32.9,83.5,42,F,0
24.7,8.2,2.72,6.9,45,30.1,33.2,90.8,91,F,1
40.5,13.4,5.21,13.4,396,25.7,33.1,77.7,39,F,0
40.3,13.3,4.66,2.8,184,28.5,33.0,86.5,24,M,1
45.8,14.5,4.69,18.1,168,30.9,31.7,97.7,74,F,1
36.3,11.4,5.88,18.3,282,19.4,31.4,61.7,44,F,0
39.7,12.7,4.63,4.0,167,27.4,32.0,85.7,47,M,1
46.3,15.5,5.28,6.1,212,29.4,33.5,87.7,82,M,0
43.4,13.5,5.69,7.0,317,23.7,31.1,76.3,46,F,0
34.3,11.6,4.11,19.1,249,28.2,33.8,83.5,66,F,1
43.4,14.4,4.77,5.9,185,30.2,33.2,91.0,68,M,0
46.4,15.6,5.62,6.3,306,27.8,33.6,82.6,31,M,0
42.3,14.6,4.78,5.0,282,30.5,34.5,88.5,27,M,0
35.0,11.7,3.93,15.6,377,29.8,33.4,89.1,36,F,0
39.2,12.8,4.47,7.3,318,28.6,32.7,87.7,75,M,1
43.2,13.9,5.19,11.5,306,26.8,32.2,83.2,16,M,0
34.4,11.6,4.19,7.1,299,27.7,33.7,82.1,28,F,1
31.7,10.9,3.74,33.4,365,29.1,34.4,84.8,59,F,1
38.0,12.5,4.26,5.7,211,29.3,32.9,89.2,19,F,0
28.0,8.3,4.91,6.1,182,16.9,29.6,57.0,71,F,0
38.2,12.7,4.34,7.3,284,29.3,33.2,88.0,30,F,0
44.4,15.4,5.13,8.6,311,30.0,34.7,86.5,28,M,0
35.0,12.0,4.02,4.2,239,29.9,34.3,87.1,43,F,1
45.4,15.0,5.33,6.7,342,28.1,33.0,85.2,30,M,0
41.8,14.2,5.08,2.4,130,28.0,34.0,82.3,14,M,1
33.4,11.2,4.42,7.2,319,25.3,33.5,75.6,3,F,0
42.8,14.6,4.72,6.4,229,30.9,34.1,90.7,62,M,0
28.0,9.5,3.65,5.8,151,26.0,33.9,76.7,59,M,1
38.2,12.6,3.84,8.9,264,32.8,33.0,99.5,65,F,1
32.5,10.6,4.19,1.6,111,25.3,32.6,77.6,1,F,1
38.5,12.9,4.95,13.2,201,26.1,33.5,77.8,51,M,0
44.1,14.3,4.91,8.5,211,29.1,32.4,89.8,50,M,0
46.9,16.5,5.6,8.2,293,29.5,35.2,83.8,60,M,0
24.1,8.5,2.77,14.1,72,30.7,35.3,87.0,76,M,1
40.6,13.2,4.54,6.8,413,29.1,32.5,89.4,74,M,0
35.9,12.2,4.46,3.2,218,27.4,34.0,80.5,3,F,0
41.4,13.2,5.29,6.5,272,25.0,31.9,78.3,28,F,0
38.0,12.4,4.59,6.9,115,27.0,32.6,82.8,16,M,1
34.7,12.1,4.06,1.4,46,29.8,34.9,85.5,44,F,1
32.1,10.4,4.44,10.6,248,23.4,32.4,72.3,6,F,0
35.3,11.8,4.19,9.3,185,28.2,33.4,84.2,3,F,1
32.3,10.9,4.6,9.8,293,23.7,33.7,70.2,2,F,1
38.4,13.0,4.41,17.4,302,29.5,33.9,87.1,57,M,1
37.1,12.5,4.69,11.2,472,26.7,33.7,79.1,8,M,0
42.1,13.7,4.77,19.8,250,28.7,32.5,88.3,54,F,1
32.8,10.9,4.64,6.3,268,23.5,33.2,70.7,6,F,0
40.6,13.6,4.67,6.0,527,29.1,33.5,86.9,86,F,0
37.7,12.6,4.28,17.3,291,29.4,33.4,88.1,60,M,1
44.6,14.3,5.28,5.2,287,27.1,32.1,84.5,58,M,0
46.3,15.1,5.91,3.3,150,25.5,32.6,78.3,32,M,0
45.8,15.3,5.23,7.3,121,29.3,33.4,87.6,23,M,1
41.4,14.0,4.49,8.1,366,31.2,33.8,92.2,51,F,0
42.6,15.0,5.1,7.3,294,29.4,35.2,83.5,18,M,0
33.8,11.2,3.5,10.5,214,32.0,33.1,96.6,74,F,0
34.7,11.5,3.76,8.6,292,30.6,33.1,92.3,82,F,0
31.6,10.5,3.36,8.2,107,31.3,33.2,94.0,45,M,1
39.4,13.4,4.89,2.7,25,27.4,34.0,80.6,29,F,1
36.5,12.1,4.21,8.0,407,28.7,33.2,86.7,48,F,0
31.5,10.4,3.15,9.1,187,33.0,33.0,100.0,98,F,1
35.5,11.4,3.55,6.3,203,32.1,32.1,100.0,88,M,0
30.8,10.5,3.39,6.0,242,31.0,34.1,90.9,49,F,0
29.4,9.7,3.7,28.7,150,26.2,33.0,79.5,60,M,1
38.8,13.1,4.47,7.4,261,29.3,33.8,86.8,63,F,0
35.7,11.9,4.11,7.0,448,29.0,33.3,86.9,30,F,1
45.8,15.5,4.88,17.0,230,31.8,33.8,93.9,82,M,1
46.0,14.9,5.05,7.7,233,29.5,32.4,91.1,66,F,1
35.3,11.7,4.45,17.0,482,26.3,33.1,79.3,72,M,0
37.3,12.5,4.21,10.4,282,29.7,33.5,88.6,37,F,0
40.0,12.4,5.55,7.5,256,22.3,31.0,72.1,55,M,1
41.1,14.0,4.59,8.5,231,30.5,34.1,89.5,29,M,1
41.9,14.3,4.83,10.5,323,29.6,34.1,86.7,52,M,0
32.6,11.2,3.91,19.6,222,28.6,34.4,83.4,59,F,1
38.3,12.2,5.99,8.1,169,20.4,31.9,63.9,56,F,0
32.0,10.7,3.8,20.5,138,28.2,33.4,84.2,82,F,0
40.6,13.3,4.85,14.9,711,27.4,32.8,83.7,36,M,0
34.3,11.4,3.88,19.8,225,29.4,33.2,88.4,56,F,1
39.5,13.7,4.6,8.0,438,29.8,34.7,85.9,50,F,0
34.9,11.0,3.85,13.4,218,28.6,31.5,90.6,51,M,1
39.6,13.3,5.02,4.7,359,26.5,33.6,78.9,4,M,1
41.6,14.0,4.71,8.4,181,29.7,33.7,88.3,58,F,0
23.5,8.0,2.76,4.0,60,29.0,34.0,85.1,60,M,1
40.8,14.5,5.84,8.7,73,24.8,35.5,69.9,7,M,1
44.3,14.8,4.97,6.6,210,29.8,33.4,89.1,50,M,0
43.9,14.7,5.34,6.0,304,27.5,33.5,82.2,18,M,1
49.3,16.4,5.86,12.6,322,28.0,33.3,84.1,32,M,0
47.9,16.0,5.38,2.6,111,29.7,33.4,89.0,44,M,1
46.5,15.2,4.97,3.2,275,30.6,32.7,93.6,25,M,1
21.7,7.5,2.47,10.1,67,30.4,34.6,87.9,76,M,1
41.8,14.3,4.88,7.8,275,29.3,34.2,85.7,48,M,1
37.0,12.4,4.07,3.7,134,30.5,33.5,90.9,50,F,1
44.8,15.3,5.37,7.2,242,28.5,34.2,83.4,41,M,1
31.6,11.0,3.84,26.8,215,28.6,34.8,82.3,66,F,1
40.9,12.9,4.99,5.3,132,25.9,31.5,82.0,17,F,1
29.9,10.3,3.32,18.3,242,31.0,34.4,90.1,25,F,1
42.8,14.6,4.89,4.8,363,29.9,34.1,87.5,70,M,0
45.2,15.7,5.26,11.8,343,29.8,34.7,85.9,52,M,0
44.9,14.9,5.26,4.2,14,28.3,33.2,85.4,69,M,1
47.3,15.6,5.43,3.2,150,28.7,33.0,87.1,29,M,0
43.1,15.3,5.26,8.2,309,29.1,35.5,81.9,52,M,1
39.9,13.4,4.58,7.1,160,29.3,33.6,87.1,62,M,1
44.0,14.1,4.96,9.1,337,28.4,32.0,88.7,17,F,0
37.2,12.3,5.18,7.3,284,23.7,33.1,71.8,77,M,1
29.2,9.9,3.26,10.5,218,30.4,33.9,89.6,75,F,1
37.1,12.7,4.83,10.2,337,26.3,34.2,76.8,56,F,0
37.3,13.4,4.56,10.3,211,29.4,35.9,81.8,69,F,0
33.8,11.2,4.16,5.2,200,26.9,33.1,81.3,62,F,1
40.6,13.6,4.96,2.7,160,27.4,33.5,81.9,15,M,1
48.1,16.5,5.48,4.8,257,30.1,34.3,87.8,62,M,0
34.7,11.7,3.87,9.5,253,30.2,33.7,89.7,62,M,1
41.6,14.5,5.19,5.5,50,27.9,34.9,80.2,30,M,1
29.3,9.6,3.5,19.0,158,27.4,32.8,83.7,35,F,1
38.5,13.7,4.32,2.4,218,31.7,35.6,89.1,77,M,1
34.6,11.2,3.76,9.9,328,29.8,32.4,92.0,64,M,0
35.2,11.6,4.2,9.2,380,27.6,33.0,83.8,25,F,0
46.2,16.5,5.63,7.5,329,29.3,35.7,82.1,27,M,0
44.9,15.2,5.09,8.9,365,29.9,33.9,88.2,70,M,1
42.2,14.1,4.6,13.5,239,30.7,33.4,91.7,65,M,0
28.0,9.2,3.32,18.8,670,27.7,32.9,84.3,55,M,0
35.3,12.2,4.15,9.6,273,29.4,34.6,85.1,32,F,0
42.2,14.4,5.07,4.7,222,28.4,34.1,83.2,49,M,0
44.8,15.6,5.23,6.6,282,29.8,34.8,85.7,45,M,1
35.1,10.4,5.2,7.1,254,20.0,29.6,67.5,47,F,1
46.5,14.6,5.73,7.6,344,25.5,31.4,81.2,28,M,0
37.7,12.8,4.21,5.1,213,30.4,34.0,89.5,28,F,1
52.6,17.5,6.22,5.4,260,28.1,33.3,84.6,43,M,0
29.9,9.8,3.61,14.0,167,27.1,32.8,82.8,74,M,1
26.1,8.7,2.84,5.5,406,30.6,33.3,91.9,64,M,0
36.4,11.9,3.98,6.0,304,29.9,32.7,91.5,64,F,0
29.0,9.8,3.01,7.2,227,32.6,33.8,96.3,81,F,1
39.3,13.1,4.62,5.6,276,28.4,33.3,85.1,50,F,0
36.2,12.0,4.65,5.5,191,25.8,33.1,77.8,6,M,0
41.1,14.2,5.02,6.1,279,28.3,34.5,81.9,22,M,0
28.7,9.5,3.04,6.8,79,31.3,33.1,94.4,45,M,1
33.6,10.7,5.34,6.2,193,20.0,31.8,62.9,56,F,0
47.1,15.8,5.39,9.4,335,29.3,33.5,87.4,68,M,0
27.9,9.5,2.86,7.1,78,33.2,34.1,97.6,79,F,0
37.0,12.4,4.42,14.4,307,28.1,33.5,83.7,46,F,0
43.0,13.8,5.1,11.0,256,27.1,32.1,84.3,60,F,0
30.7,10.6,3.75,10.4,354,28.3,34.5,81.9,59,M,1
46.8,15.0,5.06,8.1,411,29.6,32.1,92.5,50,F,0
44.7,15.5,5.06,5.7,256,30.6,34.7,88.3,40,M,0
33.6,12.0,4.08,5.0,123,29.4,35.7,82.4,54,F,0
30.5,10.2,3.15,13.0,310,32.4,33.4,96.8,75,F,1
25.1,8.1,2.66,9.7,131,30.5,32.3,94.4,67,F,0
33.9,10.7,3.9,6.6,329,27.4,31.6,86.9,29,F,0
36.1,12.0,4.12,8.2,269,29.1,33.2,87.6,56,M,1
33.3,11.5,4.17,12.7,315,27.6,34.5,79.9,3,F,1
38.2,12.7,4.61,8.5,392,27.5,33.2,82.9,24,F,0
36.8,13.3,3.52,4.9,252,37.8,36.1,104.5,47,M,0
36.1,11.8,4.26,3.1,151,27.7,32.7,84.7,37,F,1
40.7,13.1,4.99,7.7,359,26.3,32.2,81.6,24,F,0
46.5,16.1,5.44,1.8,144,29.6,34.6,85.5,20,M,0
46.6,15.8,5.6,8.0,32,28.2,33.9,83.2,22,M,1
37.4,12.8,4.74,9.2,184,27.0,34.2,78.9,68,M,0
34.2,11.6,3.68,8.8,190,31.5,33.9,92.9,83,F,0
44.4,14.7,4.85,7.0,310,30.3,33.1,91.5,58,M,0
26.1,9.4,3.16,18.1,83,29.7,36.0,82.6,74,M,1
33.8,12.3,4.04,5.8,10,30.4,36.4,83.7,70,M,0
