age,education,partner_education,n_children,islam,working,husband_occupation,living_standard,media_exposure,contraceptive
36,2,2,5,1,1,3,4,0,3
27,4,4,2,1,1,1,4,0,3
42,2,2,3,1,1,3,4,0,1
25,4,4,2,1,1,1,2,0,3
42,4,4,0,0,0,3,4,0,1
21,4,4,2,1,1,2,3,0,3
32,4,4,4,1,0,1,3,0,1
43,3,4,5,1,1,3,2,1,2
42,4,4,0,0,0,3,4,0,1
40,2,2,4,0,0,2,4,0,3
38,2,2,10,1,1,3,2,0,1
22,4,4,1,1,1,2,3,0,3
42,2,2,3,1,1,3,4,0,1
22,4,4,1,1,1,2,3,0,3
45,3,4,2,0,1,1,4,0,1
21,4,4,1,1,1,1,4,0,2
38,2,4,5,1,1,3,3,0,1
21,4,4,1,1,1,3,4,0,1
32,4,4,4,1,0,1,3,0,1
43,1,2,8,1,1,2,4,0,1
34,4,4,2,1,1,1,4,0,2
38,2,2,10,1,1,3,2,0,1
21,4,4,1,1,1,1,4,0,2
44,4,4,3,1,1,1,4,0,2
44,1,2,2,1,1,2,4,0,1
25,4,4,0,1,0,2,4,0,1
