,synth,train,val,test,synth_value,real_value,jsd,wasserstein,diff_corr,dcr_rf,nndr_rf,dcr_rr,nndr_rr,dcr_ff,nndr_ff
0_0_0,0_0_0\synth.csv,0_0_0\train.csv,0_0_0\val.csv,0_0_0\test.csv,-0.170962898779198,0.13398266962982563,0.22821192002619528,0.11011062040230826,2.172578071069468,0.12844554005005546,0.48564299977472863,0.09130767063792977,0.24633357080973978,0.07880531603186823,0.3642333386269474
0_1_0,0_1_0\synth.csv,0_1_0\train.csv,0_1_0\val.csv,0_1_0\test.csv,-0.1729573302429368,0.14154374891637833,0.22542784752344514,0.12334290117593372,2.177142203406982,0.1454962090499706,0.5150672490426504,0.08166376557959076,0.22431853633651203,0.08739894610694068,0.394151212445097
0_2_0,0_2_0\synth.csv,0_2_0\train.csv,0_2_0\val.csv,0_2_0\test.csv,-0.27572184500807695,0.14286326195897392,0.23516390172517454,0.11405975247051699,1.9583340343285212,0.12511892760248533,0.42934451123821177,0.08571266205026817,0.2175479311479616,0.0783907160615261,0.3688298866359909
0_3_0,0_3_0\synth.csv,0_3_0\train.csv,0_3_0\val.csv,0_3_0\test.csv,-0.23787031916382073,0.14403738191764737,0.25824120219013413,0.11208926554857615,2.153770943512799,0.12049385165112231,0.542524838449878,0.08949106528440576,0.2628329164779755,0.07752705990540877,0.3510870117058882
0_4_0,0_4_0\synth.csv,0_4_0\train.csv,0_4_0\val.csv,0_4_0\test.csv,-0.20776903402541147,0.13043268542686282,0.21310389363532964,0.11180580843346832,2.3257554058527528,0.1360878581053374,0.5252590595831327,0.09109736562593884,0.23583282005826606,0.07552273591254056,0.3859629383122155
1_0_0,1_0_0\synth.csv,1_0_0\train.csv,1_0_0\val.csv,1_0_0\test.csv,0.12452590702520261,0.13398266962982563,0.1685714788192557,0.0773287064668536,1.6409362792809634,0.1329320518471782,0.4966181727079751,0.09130767063792977,0.24633357080973978,0.07508134092090064,0.37505674270360223
1_1_0,1_1_0\synth.csv,1_1_0\train.csv,1_1_0\val.csv,1_1_0\test.csv,-0.14474783601052077,0.14154374891637833,0.24476871563805788,0.10208110428682655,1.4043934770504145,0.14775012970902293,0.4575010939330698,0.08166376557959076,0.22431853633651203,0.1006192105265216,0.3368118533815209
1_2_0,1_2_0\synth.csv,1_2_0\train.csv,1_2_0\val.csv,1_2_0\test.csv,0.016766172332270735,0.14286326195897392,0.18001974771017984,0.08206226250574233,1.2572198726464678,0.14926307115625337,0.44489959300225385,0.08571266205026817,0.2175479311479616,0.0710369273649446,0.3521765747399691
1_3_0,1_3_0\synth.csv,1_3_0\train.csv,1_3_0\val.csv,1_3_0\test.csv,0.05306807675293557,0.14403738191764737,0.14663553222652723,0.09691099019560712,1.7220152396729715,0.14112369022227805,0.45069049327917865,0.08949106528440576,0.2628329164779755,0.06583033893306056,0.3813679913178831
1_4_0,1_4_0\synth.csv,1_4_0\train.csv,1_4_0\val.csv,1_4_0\test.csv,0.12779082612121806,0.13043268542686282,0.1275113179350271,0.08631675899015846,1.4186568505860724,0.1383660312634061,0.521694048400078,0.09109736562593884,0.23583282005826606,0.06886043032683022,0.3050892952228678
2_0_0,2_0_0\synth.csv,2_0_0\train.csv,2_0_0\val.csv,2_0_0\test.csv,0.0377662880058659,0.13398266962982563,0.16831429205400236,0.0785533315776005,1.1796148644562374,0.14354494211914215,0.5239021448776828,0.09130767063792977,0.24633357080973978,0.07961091417728998,0.37538424855482955
2_1_0,2_1_0\synth.csv,2_1_0\train.csv,2_1_0\val.csv,2_1_0\test.csv,0.04979792339851408,0.14154374891637833,0.14883115083753118,0.07246810704664065,1.2874828985263729,0.14791955185238356,0.39532789513467514,0.08166376557959076,0.22431853633651203,0.07652048238064905,0.36550141368215167
2_2_0,2_2_0\synth.csv,2_2_0\train.csv,2_2_0\val.csv,2_2_0\test.csv,0.06842258125049328,0.14286326195897392,0.12039673791314798,0.06697211322503498,1.3054253024380873,0.14256860956391398,0.4387593204713427,0.08571266205026817,0.2175479311479616,0.07333450665381971,0.3726964053723919
2_3_0,2_3_0\synth.csv,2_3_0\train.csv,2_3_0\val.csv,2_3_0\test.csv,0.01415273987765231,0.14403738191764737,0.14580146603184535,0.0812017617563293,1.5721940313931821,0.13321389395208186,0.4093726291158931,0.08949106528440576,0.2628329164779755,0.07080289255069755,0.3669534390368948
2_4_0,2_4_0\synth.csv,2_4_0\train.csv,2_4_0\val.csv,2_4_0\test.csv,0.07408641198662747,0.13043268542686282,0.16497836367195368,0.07910825014991806,1.1404382666009056,0.14399490084385613,0.47858138429063934,0.09109736562593884,0.23583282005826606,0.06771952148980978,0.3319475026528699
3_0_0,3_0_0\synth.csv,3_0_0\train.csv,3_0_0\val.csv,3_0_0\test.csv,0.0478654873478489,0.13398266962982563,0.16687669379674394,0.06481230187344468,1.3950498076508195,0.14525815045469215,0.3799044428795706,0.09130767063792977,0.24633357080973978,0.07248970469245283,0.32568315173252277
3_1_0,3_1_0\synth.csv,3_1_0\train.csv,3_1_0\val.csv,3_1_0\test.csv,0.04769143243231566,0.14154374891637833,0.10697071147413084,0.06726798172914972,1.2745713394725426,0.12497043368947905,0.4082672464964194,0.08166376557959076,0.22431853633651203,0.08192088630762967,0.3770001576569564
3_2_0,3_2_0\synth.csv,3_2_0\train.csv,3_2_0\val.csv,3_2_0\test.csv,0.08038817339980497,0.14286326195897392,0.10545337360685325,0.06472900455211358,1.2437055610826988,0.14724779656520828,0.442538690675047,0.08571266205026817,0.2175479311479616,0.08667157270825325,0.3928802877550662
3_3_0,3_3_0\synth.csv,3_3_0\train.csv,3_3_0\val.csv,3_3_0\test.csv,0.007446292504856178,0.14403738191764737,0.13546029159653775,0.0760734294400037,1.5134444419018631,0.1257813007251555,0.49512361199465516,0.08949106528440576,0.2628329164779755,0.07028911238602523,0.35388535505908275
3_4_0,3_4_0\synth.csv,3_4_0\train.csv,3_4_0\val.csv,3_4_0\test.csv,0.08665355788963436,0.13043268542686282,0.15694208276788582,0.0670832088866867,1.3475233036550753,0.15042709496430737,0.4142588477394681,0.09109736562593884,0.23583282005826606,0.0731566254941255,0.3586807622553594
4_0_0,4_0_0\synth.csv,4_0_0\train.csv,4_0_0\val.csv,4_0_0\test.csv,0.07162013582619375,0.13398266962982563,0.12709740000061762,0.05582962470993441,1.5394430494686087,0.13952321446912896,0.413954153255106,0.09130767063792977,0.24633357080973978,0.0759917710342788,0.38067013636853075
4_1_0,4_1_0\synth.csv,4_1_0\train.csv,4_1_0\val.csv,4_1_0\test.csv,0.07247633375981688,0.14154374891637833,0.1039545795481424,0.06102793321059016,1.4229697066077682,0.14605494730038157,0.37859204304557637,0.08166376557959076,0.22431853633651203,0.08617658470227124,0.3364814471543557
4_2_0,4_2_0\synth.csv,4_2_0\train.csv,4_2_0\val.csv,4_2_0\test.csv,0.09443281644587975,0.14286326195897392,0.104660894833423,0.04818514189807239,1.246235177730365,0.13283867284584794,0.36422940689409283,0.08571266205026817,0.2175479311479616,0.08880614460948807,0.35950345314897
4_3_0,4_3_0\synth.csv,4_3_0\train.csv,4_3_0\val.csv,4_3_0\test.csv,0.04116369410452603,0.14403738191764737,0.13240978690739255,0.05750672922937837,1.6204130301014643,0.131312844621483,0.3675968250063236,0.08949106528440576,0.2628329164779755,0.07804298362802795,0.34462627251979727
4_4_0,4_4_0\synth.csv,4_4_0\train.csv,4_4_0\val.csv,4_4_0\test.csv,0.09922046544492646,0.13043268542686282,0.15083631767123912,0.054788290419606075,1.3859364771467935,0.15000670039352307,0.37191758042433504,0.09109736562593884,0.23583282005826606,0.08214898765725767,0.38222158959285635
5_0_0,5_0_0\synth.csv,5_0_0\train.csv,5_0_0\val.csv,5_0_0\test.csv,0.08783359753910935,0.13398266962982563,0.12064107298922962,0.03927928664626703,1.4079558114499011,0.13615113906275345,0.3853276661694315,0.09130767063792977,0.24633357080973978,0.08317507850892253,0.3801464488634026
5_1_0,5_1_0\synth.csv,5_1_0\train.csv,5_1_0\val.csv,5_1_0\test.csv,0.09599058102011016,0.14154374891637833,0.1044372755043012,0.054243048868018603,1.4636763335994196,0.14850391530421284,0.40517733847992365,0.08166376557959076,0.22431853633651203,0.0796257990764767,0.36634738705305997
5_2_0,5_2_0\synth.csv,5_2_0\train.csv,5_2_0\val.csv,5_2_0\test.csv,0.10179264876319949,0.14286326195897392,0.09733156541049988,0.04673786701695694,1.1538064096189535,0.1460765197005825,0.39551191383325696,0.08571266205026817,0.2175479311479616,0.0858064709289527,0.3253748413108368
5_3_0,5_3_0\synth.csv,5_3_0\train.csv,5_3_0\val.csv,5_3_0\test.csv,0.08742003353804229,0.14403738191764737,0.10333065788308278,0.048371213945652414,1.504215275645008,0.13132170582064312,0.4345705679758808,0.08949106528440576,0.2628329164779755,0.08629454212480234,0.3593718335252204
5_4_0,5_4_0\synth.csv,5_4_0\train.csv,5_4_0\val.csv,5_4_0\test.csv,0.12245842319418243,0.13043268542686282,0.14050745096686376,0.04589708454460892,1.552140301003386,0.14120201803461924,0.42242023695662945,0.09109736562593884,0.23583282005826606,0.07883387070170034,0.36216988188618426
6_0_0,6_0_0\synth.csv,6_0_0\train.csv,6_0_0\val.csv,6_0_0\test.csv,0.09406361138797614,0.13398266962982563,0.09313688547142744,0.03083553675665604,1.2512665303416997,0.1495921645614126,0.4097960689967947,0.09130767063792977,0.24633357080973978,0.08159097670553593,0.30119149801204465
6_1_0,6_1_0\synth.csv,6_1_0\train.csv,6_1_0\val.csv,6_1_0\test.csv,0.09421911459050625,0.14154374891637833,0.11194264947890915,0.04451534664874351,1.3825081962867638,0.15618916964921353,0.40215959227184067,0.08166376557959076,0.22431853633651203,0.08649076630445396,0.3503543796742704
6_2_0,6_2_0\synth.csv,6_2_0\train.csv,6_2_0\val.csv,6_2_0\test.csv,0.10665148700861415,0.14286326195897392,0.09242677182167364,0.03996192135454063,1.1072441416559407,0.13485734998633409,0.40547024685674715,0.08571266205026817,0.2175479311479616,0.09019741812097604,0.33876725664397356
6_3_0,6_3_0\synth.csv,6_3_0\train.csv,6_3_0\val.csv,6_3_0\test.csv,0.08909753522789965,0.14403738191764737,0.11019940306302538,0.04315148982627052,1.395996143082875,0.13535481231770313,0.4162393910614236,0.08949106528440576,0.2628329164779755,0.08892913326814417,0.3364858594175261
6_4_0,6_4_0\synth.csv,6_4_0\train.csv,6_4_0\val.csv,6_4_0\test.csv,0.12881094725047515,0.13043268542686282,0.13820052656432041,0.040780824821445086,1.4763868062712089,0.14364040739236245,0.41805342491086905,0.09109736562593884,0.23583282005826606,0.07897639107726281,0.3323458967182189
7_0_0,7_0_0\synth.csv,7_0_0\train.csv,7_0_0\val.csv,7_0_0\test.csv,0.10448420339583209,0.13398266962982563,0.11173357862309814,0.02752013035887027,1.2657574348011105,0.13468374246829112,0.4130940772986881,0.09130767063792977,0.24633357080973978,0.09280319668275552,0.3250479922685636
7_1_0,7_1_0\synth.csv,7_1_0\train.csv,7_1_0\val.csv,7_1_0\test.csv,0.09503560716472104,0.14154374891637833,0.05806909722224318,0.04387905488118167,1.4033018351648956,0.1530937730896002,0.43286093032976203,0.08166376557959076,0.22431853633651203,0.09676355863210387,0.3613191141710539
7_2_0,7_2_0\synth.csv,7_2_0\train.csv,7_2_0\val.csv,7_2_0\test.csv,0.119992619221578,0.14286326195897392,0.09872765683559091,0.03350117148484485,1.107242654920193,0.14298541049570374,0.39172363814527394,0.08571266205026817,0.2175479311479616,0.09285019273530355,0.34495821722322983
7_3_0,7_3_0\synth.csv,7_3_0\train.csv,7_3_0\val.csv,7_3_0\test.csv,0.0745289248105997,0.14403738191764737,0.11018130978729686,0.04515105830126695,1.3993314224971682,0.13694417031782014,0.4271031617537203,0.08949106528440576,0.2628329164779755,0.08875054281766709,0.3413414134198419
7_4_0,7_4_0\synth.csv,7_4_0\train.csv,7_4_0\val.csv,7_4_0\test.csv,0.12810059735990043,0.13043268542686282,0.13925391388591632,0.03723689438228449,1.389972819673452,0.1419824179571007,0.38185211108458716,0.09109736562593884,0.23583282005826606,0.08836964172460883,0.336377108243565
8_0_0,8_0_0\synth.csv,8_0_0\train.csv,8_0_0\val.csv,8_0_0\test.csv,0.10150565643175546,0.13398266962982563,0.10893558973218424,0.024802179452677875,1.2340917428229714,0.14483306086469766,0.3503639926017337,0.09130767063792977,0.24633357080973978,0.09099198652510873,0.3142570699261096
8_1_0,8_1_0\synth.csv,8_1_0\train.csv,8_1_0\val.csv,8_1_0\test.csv,0.10734968290119573,0.14154374891637833,0.0482610942827395,0.03715919036813915,1.5240586387388109,0.17036680712039792,0.4017278079182578,0.08166376557959076,0.22431853633651203,0.08421082185906409,0.35566743019285196
8_2_0,8_2_0\synth.csv,8_2_0\train.csv,8_2_0\val.csv,8_2_0\test.csv,0.12117863287206532,0.14286326195897392,0.09952420062807131,0.02697169373370826,1.0933763447423541,0.14006027373127536,0.3683041212803888,0.08571266205026817,0.2175479311479616,0.10645498866958054,0.3515917378836028
8_3_0,8_3_0\synth.csv,8_3_0\train.csv,8_3_0\val.csv,8_3_0\test.csv,0.09168829641989629,0.14403738191764737,0.08939734851622487,0.036332940037530036,1.5202615489691418,0.14181872110975735,0.4464318011148062,0.08949106528440576,0.2628329164779755,0.08623828692865752,0.33698106839348674
8_4_0,8_4_0\synth.csv,8_4_0\train.csv,8_4_0\val.csv,8_4_0\test.csv,0.12500173888364996,0.13043268542686282,0.0561875916882917,0.030934227710897967,1.2166427120605359,0.1484952757123742,0.3422730994203612,0.09109736562593884,0.23583282005826606,0.09540514971508622,0.33330073142591726
9_0_0,9_0_0\synth.csv,9_0_0\train.csv,9_0_0\val.csv,9_0_0\test.csv,0.11181273785133672,0.13398266962982563,0.09993639262083487,0.01669382835933428,1.1873377157339928,0.13806771446391608,0.34213190685979,0.09130767063792977,0.24633357080973978,0.08655721480614606,0.30351767396561735
9_1_0,9_1_0\synth.csv,9_1_0\train.csv,9_1_0\val.csv,9_1_0\test.csv,0.1263714736492081,0.14154374891637833,0.07225603102152824,0.03363398788765932,1.4987292319461403,0.16512287082851212,0.38409885273721167,0.08166376557959076,0.22431853633651203,0.09378603654213621,0.3500315807912815
9_2_0,9_2_0\synth.csv,9_2_0\train.csv,9_2_0\val.csv,9_2_0\test.csv,0.13050588192664314,0.14286326195897392,0.07403502048637053,0.01928647156708912,1.0752260291994333,0.14850433038165511,0.3738080980155527,0.08571266205026817,0.2175479311479616,0.105290515617015,0.34482595320505793
9_3_0,9_3_0\synth.csv,9_3_0\train.csv,9_3_0\val.csv,9_3_0\test.csv,0.1000057751876593,0.14403738191764737,0.06625349818452146,0.03364697544008062,1.4940392083733922,0.1367302809097543,0.4218107429064569,0.08949106528440576,0.2628329164779755,0.09564185937453941,0.34855960598391966
9_4_0,9_4_0\synth.csv,9_4_0\train.csv,9_4_0\val.csv,9_4_0\test.csv,0.12763526863128138,0.13043268542686282,0.046402050198669824,0.02640621898204807,1.2887687282145142,0.1511932102123104,0.4134496569279742,0.09109736562593884,0.23583282005826606,0.09980326768559003,0.3563479080268621
0_0_1,0_0_1\synth.csv,0_0_1\train.csv,0_0_1\val.csv,0_0_1\test.csv,-0.19206929040497922,0.13398266962982563,0.2312762948247593,0.11083515473761128,2.1710443984322074,0.1372458214164355,0.4537919636549594,0.09130767063792977,0.24633357080973978,0.08052089611855877,0.3779156942388622
0_1_1,0_1_1\synth.csv,0_1_1\train.csv,0_1_1\val.csv,0_1_1\test.csv,-0.17949396394433892,0.14154374891637833,0.2325544470042998,0.12456366813401543,2.1696747811708637,0.1362709185726355,0.4926140883564546,0.08166376557959076,0.22431853633651203,0.07200641341681907,0.347068191382766
0_2_1,0_2_1\synth.csv,0_2_1\train.csv,0_2_1\val.csv,0_2_1\test.csv,-0.25758691339783746,0.14286326195897392,0.23809581840064484,0.11488625660527091,1.945334594807763,0.12911496441003434,0.4356661079082972,0.08571266205026817,0.2175479311479616,0.08308352571612869,0.37528444484281953
0_3_1,0_3_1\synth.csv,0_3_1\train.csv,0_3_1\val.csv,0_3_1\test.csv,-0.23846839678626397,0.14403738191764737,0.256226686443472,0.1105277794594666,2.1384235542691665,0.1353231999756492,0.4732879868557456,0.08949106528440576,0.2628329164779755,0.06826048735617074,0.34022894348090027
0_4_1,0_4_1\synth.csv,0_4_1\train.csv,0_4_1\val.csv,0_4_1\test.csv,-0.20232598089936982,0.13043268542686282,0.2237287066295964,0.11022142182271111,2.30850358895562,0.134063686070091,0.497638374626567,0.09109736562593884,0.23583282005826606,0.07741545085767632,0.4055651037120387
1_0_1,1_0_1\synth.csv,1_0_1\train.csv,1_0_1\val.csv,1_0_1\test.csv,0.13102593847544308,0.13398266962982563,0.1418777724128745,0.07759129524478574,1.6223529306376088,0.1445250754706649,0.4599065613056729,0.09130767063792977,0.24633357080973978,0.06880283884951414,0.367824497895452
1_1_1,1_1_1\synth.csv,1_1_1\train.csv,1_1_1\val.csv,1_1_1\test.csv,-0.16781487878062062,0.14154374891637833,0.24023004682334878,0.10629749375010579,1.4037595806223457,0.14345535013775962,0.4734866267383342,0.08166376557959076,0.22431853633651203,0.09375150979433668,0.3395712994322624
1_2_1,1_2_1\synth.csv,1_2_1\train.csv,1_2_1\val.csv,1_2_1\test.csv,0.023450153053480194,0.14286326195897392,0.17816383813578418,0.08494265844759394,1.1532732336239786,0.1464944520084653,0.42535893877376973,0.08571266205026817,0.2175479311479616,0.07601029918900624,0.3388128261501324
1_3_1,1_3_1\synth.csv,1_3_1\train.csv,1_3_1\val.csv,1_3_1\test.csv,0.023806698571985252,0.14403738191764737,0.1507961535215798,0.09682596185329458,1.7504062655201174,0.14825208584065674,0.4785930993820223,0.08949106528440576,0.2628329164779755,0.061199094041856306,0.3721676010228653
1_4_1,1_4_1\synth.csv,1_4_1\train.csv,1_4_1\val.csv,1_4_1\test.csv,0.13563437975539228,0.13043268542686282,0.13102154417569037,0.082042795222146,1.4638674087521573,0.14363492302626518,0.5223415553949168,0.09109736562593884,0.23583282005826606,0.06611222985747015,0.3335479134890127
2_0_1,2_0_1\synth.csv,2_0_1\train.csv,2_0_1\val.csv,2_0_1\test.csv,0.02948029857202772,0.13398266962982563,0.15523018835509847,0.07432380020185612,1.2853675673935538,0.1439173361988236,0.355487104950265,0.09130767063792977,0.24633357080973978,0.07106432769338275,0.3223047543001437
2_1_1,2_1_1\synth.csv,2_1_1\train.csv,2_1_1\val.csv,2_1_1\test.csv,0.0655504540192402,0.14154374891637833,0.15465988515322707,0.07522490952826696,1.2488730701208637,0.13697425314512315,0.4403326220229812,0.08166376557959076,0.22431853633651203,0.08005278908153005,0.3672990688174422
2_2_1,2_2_1\synth.csv,2_2_1\train.csv,2_2_1\val.csv,2_2_1\test.csv,0.04259338379285049,0.14286326195897392,0.11140742603702858,0.07469550543163209,1.2271961472524866,0.15291706394659574,0.4333517650754468,0.08571266205026817,0.2175479311479616,0.0792608201505492,0.34036272531980116
2_3_1,2_3_1\synth.csv,2_3_1\train.csv,2_3_1\val.csv,2_3_1\test.csv,-0.013977910561684848,0.14403738191764737,0.1429920944753614,0.08157094999700734,1.62407320212687,0.12864574122044192,0.4339093510239612,0.08949106528440576,0.2628329164779755,0.07555105021534583,0.3662216944663846
2_4_1,2_4_1\synth.csv,2_4_1\train.csv,2_4_1\val.csv,2_4_1\test.csv,0.08780177038529746,0.13043268542686282,0.1533020623521075,0.07765205735826256,1.207030001362413,0.13622691201434126,0.42429700564556977,0.09109736562593884,0.23583282005826606,0.07067214646430348,0.34830937371089443
3_0_1,3_0_1\synth.csv,3_0_1\train.csv,3_0_1\val.csv,3_0_1\test.csv,0.059788711428932606,0.13398266962982563,0.15434377318841339,0.0602126949796722,1.3676879247835827,0.14358341193796148,0.445815353383171,0.09130767063792977,0.24633357080973978,0.07744167404039554,0.36939913945709923
3_1_1,3_1_1\synth.csv,3_1_1\train.csv,3_1_1\val.csv,3_1_1\test.csv,0.05902441871587483,0.14154374891637833,0.11419894678586708,0.06944807908298803,1.2644642640746466,0.15863672949857818,0.4421996034307218,0.08166376557959076,0.22431853633651203,0.08319653613822163,0.3491707937678746
3_2_1,3_2_1\synth.csv,3_2_1\train.csv,3_2_1\val.csv,3_2_1\test.csv,0.061105258617951685,0.14286326195897392,0.12448867474648247,0.07079104633771426,1.1182532216320837,0.14015567427511583,0.40012980848182145,0.08571266205026817,0.2175479311479616,0.0899211901331829,0.3764164738831194
3_3_1,3_3_1\synth.csv,3_3_1\train.csv,3_3_1\val.csv,3_3_1\test.csv,-0.0056759831627895,0.14403738191764737,0.14698785941827572,0.07817151322141447,1.482551705889435,0.14448520488040575,0.46261972824543685,0.08949106528440576,0.2628329164779755,0.07325511681586486,0.36623812341224093
3_4_1,3_4_1\synth.csv,3_4_1\train.csv,3_4_1\val.csv,3_4_1\test.csv,0.09725851891656112,0.13043268542686282,0.16203706303902823,0.0672908027782826,1.274247124626922,0.13069811815080254,0.3791318144717426,0.09109736562593884,0.23583282005826606,0.07444855884381915,0.37359777086506774
4_0_1,4_0_1\synth.csv,4_0_1\train.csv,4_0_1\val.csv,4_0_1\test.csv,0.0756759864192097,0.13398266962982563,0.10245698635340529,0.05758284193144019,1.5648036357937007,0.14517564929995103,0.40620065193893906,0.09130767063792977,0.24633357080973978,0.07287861771362596,0.34145223013464787
4_1_1,4_1_1\synth.csv,4_1_1\train.csv,4_1_1\val.csv,4_1_1\test.csv,0.06019234435443199,0.14154374891637833,0.11681571475179324,0.06611303847888646,1.3772822610019424,0.1386797635271999,0.3795530341514778,0.08166376557959076,0.22431853633651203,0.0869350212078267,0.3301714179194769
4_2_1,4_2_1\synth.csv,4_2_1\train.csv,4_2_1\val.csv,4_2_1\test.csv,0.09127593975128812,0.14286326195897392,0.1032257857854807,0.05281165504436819,1.189717776564906,0.13834169349591885,0.403927941716567,0.08571266205026817,0.2175479311479616,0.0821133518784641,0.35141802025187563
4_3_1,4_3_1\synth.csv,4_3_1\train.csv,4_3_1\val.csv,4_3_1\test.csv,0.03039204215462643,0.14403738191764737,0.13409017427256142,0.06287339668766166,1.6004238528896568,0.14455191121905617,0.4245666570554463,0.08949106528440576,0.2628329164779755,0.07671206551748741,0.3321631206750445
4_4_1,4_4_1\synth.csv,4_4_1\train.csv,4_4_1\val.csv,4_4_1\test.csv,0.11240568355706038,0.13043268542686282,0.14286673369687586,0.05571686125492311,1.4432227460661606,0.14526124877075072,0.37964514375633046,0.09109736562593884,0.23583282005826606,0.0769772271039236,0.3345670219952676
5_0_1,5_0_1\synth.csv,5_0_1\train.csv,5_0_1\val.csv,5_0_1\test.csv,0.09125522862900814,0.13398266962982563,0.09758676268479329,0.04163377458786892,1.5153001152556935,0.1448192631205985,0.3802356227524655,0.09130767063792977,0.24633357080973978,0.08502226339535922,0.42278360443988605
5_1_1,5_1_1\synth.csv,5_1_1\train.csv,5_1_1\val.csv,5_1_1\test.csv,0.0883109001505209,0.14154374891637833,0.11757879097124387,0.06089321293946952,1.4869362508305792,0.14249653372658688,0.3923503154495986,0.08166376557959076,0.22431853633651203,0.07852224984121364,0.36238497769885547
5_2_1,5_2_1\synth.csv,5_2_1\train.csv,5_2_1\val.csv,5_2_1\test.csv,0.12229642368437998,0.14286326195897392,0.10187565506350309,0.04678200612827661,1.123023644931703,0.14371584209519783,0.3515082577724886,0.08571266205026817,0.2175479311479616,0.08299904399912303,0.35539082521579357
5_3_1,5_3_1\synth.csv,5_3_1\train.csv,5_3_1\val.csv,5_3_1\test.csv,0.07133377708583943,0.14403738191764737,0.09334152975174696,0.05315336595633663,1.3855124269703458,0.13619568997029077,0.38682363512500706,0.08949106528440576,0.2628329164779755,0.09422995309727628,0.356090591378567
5_4_1,5_4_1\synth.csv,5_4_1\train.csv,5_4_1\val.csv,5_4_1\test.csv,0.1219767926742853,0.13043268542686282,0.133430514373534,0.04589994754958796,1.6041585080825478,0.14096980308930454,0.3723428209760928,0.09109736562593884,0.23583282005826606,0.0844471356693049,0.3663981172272788
6_0_1,6_0_1\synth.csv,6_0_1\train.csv,6_0_1\val.csv,6_0_1\test.csv,0.08949660521534286,0.13398266962982563,0.0875759176669851,0.03310091825614882,1.293065541120009,0.14626331386144817,0.3926598408823859,0.09130767063792977,0.24633357080973978,0.08924850124389763,0.3405851974661964
6_1_1,6_1_1\synth.csv,6_1_1\train.csv,6_1_1\val.csv,6_1_1\test.csv,0.07678752175214976,0.14154374891637833,0.11180836352652114,0.05390713596783113,1.3692456170511016,0.14707603535692318,0.3734243350418798,0.08166376557959076,0.22431853633651203,0.0857365629264463,0.3397468584980895
6_2_1,6_2_1\synth.csv,6_2_1\train.csv,6_2_1\val.csv,6_2_1\test.csv,0.10996090268223535,0.14286326195897392,0.09787949899270613,0.04247677630766514,1.2230660686706554,0.12909903956677032,0.3534518968285739,0.08571266205026817,0.2175479311479616,0.08545508245484928,0.3625003118233264
6_3_1,6_3_1\synth.csv,6_3_1\train.csv,6_3_1\val.csv,6_3_1\test.csv,0.08239724745815302,0.14403738191764737,0.09582673335486465,0.048551782852436526,1.2746392866132634,0.1452177771778395,0.3941792256752642,0.08949106528440576,0.2628329164779755,0.08762231354419181,0.3748824423356925
6_4_1,6_4_1\synth.csv,6_4_1\train.csv,6_4_1\val.csv,6_4_1\test.csv,0.12049064190206149,0.13043268542686282,0.1358596584527811,0.040047018493359655,1.4940807343256457,0.1386313762286298,0.36774061741730235,0.09109736562593884,0.23583282005826606,0.09309234813153648,0.3242448150769591
7_0_1,7_0_1\synth.csv,7_0_1\train.csv,7_0_1\val.csv,7_0_1\test.csv,0.10285353653089602,0.13398266962982563,0.1099081998846511,0.029707880199737018,1.2874770264146393,0.14571831212275516,0.40269376021287945,0.09130767063792977,0.24633357080973978,0.09639549322048967,0.31296753998815985
7_1_1,7_1_1\synth.csv,7_1_1\train.csv,7_1_1\val.csv,7_1_1\test.csv,0.08848405619449418,0.14154374891637833,0.0526873690881689,0.0511346302140408,1.3420324939947292,0.14589713942467963,0.3520551414445599,0.08166376557959076,0.22431853633651203,0.07767741489761829,0.3555658503885031
7_2_1,7_2_1\synth.csv,7_2_1\train.csv,7_2_1\val.csv,7_2_1\test.csv,0.12282013867013108,0.14286326195897392,0.10263239506661719,0.04034315595544307,1.1719429871596145,0.14557659243486937,0.3360414713457329,0.08571266205026817,0.2175479311479616,0.08962781627060312,0.35350931426079113
7_3_1,7_3_1\synth.csv,7_3_1\train.csv,7_3_1\val.csv,7_3_1\test.csv,0.08399936161358657,0.14403738191764737,0.10704052439792279,0.053787693064284235,1.256679182638166,0.14701156660513004,0.4403172189543041,0.08949106528440576,0.2628329164779755,0.0831383471518291,0.3155551311583665
7_4_1,7_4_1\synth.csv,7_4_1\train.csv,7_4_1\val.csv,7_4_1\test.csv,0.1170459944237836,0.13043268542686282,0.13161255974227348,0.03651118376632128,1.4126980115410233,0.1471679281795239,0.42479001677686673,0.09109736562593884,0.23583282005826606,0.0786601623865934,0.3171522610638283
8_0_1,8_0_1\synth.csv,8_0_1\train.csv,8_0_1\val.csv,8_0_1\test.csv,0.10641381841921604,0.13398266962982563,0.10815568378335598,0.02882604429708932,1.2907612858653121,0.14730430661212712,0.378041270425002,0.09130767063792977,0.24633357080973978,0.08703522126131102,0.32366161854195263
8_1_1,8_1_1\synth.csv,8_1_1\train.csv,8_1_1\val.csv,8_1_1\test.csv,0.11713061322091567,0.14154374891637833,0.05384083532613456,0.04216929167052565,1.4973983930768415,0.15294850596252818,0.3537687039187517,0.08166376557959076,0.22431853633651203,0.09016639026714704,0.3151248011349743
8_2_1,8_2_1\synth.csv,8_2_1\train.csv,8_2_1\val.csv,8_2_1\test.csv,0.12167991596125305,0.14286326195897392,0.10119785453436296,0.03397786599155477,1.1607452662553994,0.14282633166281533,0.3712951346942541,0.08571266205026817,0.2175479311479616,0.10388451415033276,0.35986869641806574
8_3_1,8_3_1\synth.csv,8_3_1\train.csv,8_3_1\val.csv,8_3_1\test.csv,0.09375945045356748,0.14403738191764737,0.0873885064767575,0.04399542794465526,1.3510608231757133,0.14773203032821525,0.41881776010639693,0.08949106528440576,0.2628329164779755,0.08579904694974975,0.36887509008464814
8_4_1,8_4_1\synth.csv,8_4_1\train.csv,8_4_1\val.csv,8_4_1\test.csv,0.10999641010699479,0.13043268542686282,0.06309715468881366,0.03162223616557623,1.2657187610143548,0.150339647980459,0.41575926558781995,0.09109736562593884,0.23583282005826606,0.09193330923481205,0.34784622821316086
9_0_1,9_0_1\synth.csv,9_0_1\train.csv,9_0_1\val.csv,9_0_1\test.csv,0.1070796840829693,0.13398266962982563,0.10119640733062214,0.02043734835897787,1.241359990388533,0.14089295966472137,0.36066742013217234,0.09130767063792977,0.24633357080973978,0.11320659310718992,0.36077610804758686
9_1_1,9_1_1\synth.csv,9_1_1\train.csv,9_1_1\val.csv,9_1_1\test.csv,0.1166031180061945,0.14154374891637833,0.08652829864675753,0.03752689586415021,1.4653110569579935,0.1669243017542424,0.35763314325422174,0.08166376557959076,0.22431853633651203,0.10035169261025734,0.3618786957113368
9_2_1,9_2_1\synth.csv,9_2_1\train.csv,9_2_1\val.csv,9_2_1\test.csv,0.11256336956160118,0.14286326195897392,0.08496886291908591,0.028601716446629684,1.1365603039734984,0.14480273079579553,0.38476749198478677,0.08571266205026817,0.2175479311479616,0.09948683557299749,0.33048608261257684
9_3_1,9_3_1\synth.csv,9_3_1\train.csv,9_3_1\val.csv,9_3_1\test.csv,0.09631036717905117,0.14403738191764737,0.0595681354268951,0.04125817400461896,1.3846123670563202,0.14831296006719072,0.41016654445228506,0.08949106528440576,0.2628329164779755,0.0921295982991599,0.33247000123555137
9_4_1,9_4_1\synth.csv,9_4_1\train.csv,9_4_1\val.csv,9_4_1\test.csv,0.10566157207968274,0.13043268542686282,0.05389813326918882,0.025089034474110147,1.2471426168057127,0.14931135292681494,0.420682622854735,0.09109736562593884,0.23583282005826606,0.11685839964564933,0.33998349580621134
0_0_2,0_0_2\synth.csv,0_0_2\train.csv,0_0_2\val.csv,0_0_2\test.csv,-0.19048445380531387,0.13398266962982563,0.22405354981111678,0.10894965630437528,2.162258837499147,0.13306658228915597,0.5165196307664845,0.09130767063792977,0.24633357080973978,0.08132128110659947,0.3641527639917451
0_1_2,0_1_2\synth.csv,0_1_2\train.csv,0_1_2\val.csv,0_1_2\test.csv,-0.198321708697913,0.14154374891637833,0.22561523907478973,0.12490213981988835,2.1838827647303356,0.15154337315954927,0.5236669380166807,0.08166376557959076,0.22431853633651203,0.07834850906787763,0.3400356391928131
0_2_2,0_2_2\synth.csv,0_2_2\train.csv,0_2_2\val.csv,0_2_2\test.csv,-0.26322080471579024,0.14286326195897392,0.23768674846425805,0.11368151180941048,1.9839596542138485,0.1266168716291099,0.4962976796041676,0.08571266205026817,0.2175479311479616,0.0839183654949625,0.37893073983878456
0_3_2,0_3_2\synth.csv,0_3_2\train.csv,0_3_2\val.csv,0_3_2\test.csv,-0.2395122850212219,0.14403738191764737,0.25394510486750915,0.11252202085774035,2.156103273572144,0.14450618131104104,0.5040830905955134,0.08949106528440576,0.2628329164779755,0.06855545512995784,0.37561871284122605
0_4_2,0_4_2\synth.csv,0_4_2\train.csv,0_4_2\val.csv,0_4_2\test.csv,-0.22794785354218394,0.13043268542686282,0.21938635241968787,0.11300410434174236,2.2952109535515963,0.1400215680486876,0.5847810851614461,0.09109736562593884,0.23583282005826606,0.07031823915753158,0.36677758901435176
1_0_2,1_0_2\synth.csv,1_0_2\train.csv,1_0_2\val.csv,1_0_2\test.csv,0.10677858272132268,0.13398266962982563,0.16946397718273953,0.07746042887505294,1.5984468527155247,0.13994487565413072,0.5064446630470611,0.09130767063792977,0.24633357080973978,0.07150200493006159,0.338143479726362
1_1_2,1_1_2\synth.csv,1_1_2\train.csv,1_1_2\val.csv,1_1_2\test.csv,-0.17055599777743713,0.14154374891637833,0.2341943231229399,0.10761860904291173,1.3631564205351467,0.14716285101680965,0.5065838365709077,0.08166376557959076,0.22431853633651203,0.09928553681182567,0.3717987301463282
1_2_2,1_2_2\synth.csv,1_2_2\train.csv,1_2_2\val.csv,1_2_2\test.csv,0.014553158014448009,0.14286326195897392,0.18798742532670767,0.08206622413868811,1.1348925541750392,0.12896636856280727,0.47523982423203237,0.08571266205026817,0.2175479311479616,0.07349633005600316,0.37007718286442604
1_3_2,1_3_2\synth.csv,1_3_2\train.csv,1_3_2\val.csv,1_3_2\test.csv,0.04647369896645204,0.14403738191764737,0.15015704990149215,0.09463167744441162,1.7431158733893242,0.1521887676851951,0.48496960074992124,0.08949106528440576,0.2628329164779755,0.06596692947493354,0.33597289965109556
1_4_2,1_4_2\synth.csv,1_4_2\train.csv,1_4_2\val.csv,1_4_2\test.csv,0.14504880443831525,0.13043268542686282,0.12351831626524074,0.08454840130032933,1.4399494497301073,0.14202563840136895,0.5070324850535104,0.09109736562593884,0.23583282005826606,0.07124691140224265,0.374735189716219
2_0_2,2_0_2\synth.csv,2_0_2\train.csv,2_0_2\val.csv,2_0_2\test.csv,0.03315780976314575,0.13398266962982563,0.1661773530312474,0.07753257541796534,1.2613244914164303,0.1372610240278997,0.46588689256235355,0.09130767063792977,0.24633357080973978,0.07423164829389256,0.3709333289216563
2_1_2,2_1_2\synth.csv,2_1_2\train.csv,2_1_2\val.csv,2_1_2\test.csv,0.04482721015163349,0.14154374891637833,0.14043055567916793,0.0797089327588421,1.2578537468378,0.1449395204086899,0.44324257356533037,0.08166376557959076,0.22431853633651203,0.08455878323745629,0.394180763296476
2_2_2,2_2_2\synth.csv,2_2_2\train.csv,2_2_2\val.csv,2_2_2\test.csv,0.1039120171340494,0.14286326195897392,0.10986024779397306,0.06862018370685141,1.1857960157746923,0.14240125802637016,0.4162560209074435,0.08571266205026817,0.2175479311479616,0.08520604720762551,0.3643822591572199
2_3_2,2_3_2\synth.csv,2_3_2\train.csv,2_3_2\val.csv,2_3_2\test.csv,0.01341398714534936,0.14403738191764737,0.14290717924396534,0.08012799352146784,1.607610263511453,0.16079143840691779,0.5269239898756979,0.08949106528440576,0.2628329164779755,0.06685463114539819,0.3328681650201014
2_4_2,2_4_2\synth.csv,2_4_2\train.csv,2_4_2\val.csv,2_4_2\test.csv,0.07944810976872574,0.13043268542686282,0.1660666023076325,0.07720176526263026,1.199342964339984,0.1445934181683594,0.4603495793124152,0.09109736562593884,0.23583282005826606,0.06800423159166058,0.3216487943060943
3_0_2,3_0_2\synth.csv,3_0_2\train.csv,3_0_2\val.csv,3_0_2\test.csv,0.05436090399881044,0.13398266962982563,0.16693189163028346,0.06373018531294146,1.397716094120009,0.14318799340822852,0.38622257882753486,0.09130767063792977,0.24633357080973978,0.07693762469035519,0.35599827620015795
3_1_2,3_1_2\synth.csv,3_1_2\train.csv,3_1_2\val.csv,3_1_2\test.csv,0.04266950318458329,0.14154374891637833,0.13087494363132682,0.07150662940806161,1.3368010421729184,0.15430467001991732,0.37659914406366823,0.08166376557959076,0.22431853633651203,0.08238305200845344,0.32476978039288895
3_2_2,3_2_2\synth.csv,3_2_2\train.csv,3_2_2\val.csv,3_2_2\test.csv,0.08541663621720419,0.14286326195897392,0.10863870836415473,0.06455557330992909,1.0913450966824465,0.13981254900616047,0.43015635975400246,0.08571266205026817,0.2175479311479616,0.08952431971883953,0.3515089605496735
3_3_2,3_3_2\synth.csv,3_3_2\train.csv,3_3_2\val.csv,3_3_2\test.csv,0.01695802723062645,0.14403738191764737,0.130961089290609,0.07250326084381269,1.4841554289446128,0.14691767550960605,0.44018244677601176,0.08949106528440576,0.2628329164779755,0.07009564530679951,0.35156068687543945
3_4_2,3_4_2\synth.csv,3_4_2\train.csv,3_4_2\val.csv,3_4_2\test.csv,0.08534381719233963,0.13043268542686282,0.16431887095339484,0.06471173744591556,1.355110916612376,0.13126048900526255,0.481311567900727,0.09109736562593884,0.23583282005826606,0.08356686098040064,0.3950321987244653
4_0_2,4_0_2\synth.csv,4_0_2\train.csv,4_0_2\val.csv,4_0_2\test.csv,0.06619155995304693,0.13398266962982563,0.12364413005269785,0.05843114679829204,1.6431467708995178,0.13202780225521765,0.40206878403361324,0.09130767063792977,0.24633357080973978,0.07377087487769854,0.3560194754034811
4_1_2,4_1_2\synth.csv,4_1_2\train.csv,4_1_2\val.csv,4_1_2\test.csv,0.05753190769689476,0.14154374891637833,0.12724999159332162,0.06357580655523154,1.4743728940508012,0.15965200587638795,0.4010334958950826,0.08166376557959076,0.22431853633651203,0.08114164189097747,0.3709398021919064
4_2_2,4_2_2\synth.csv,4_2_2\train.csv,4_2_2\val.csv,4_2_2\test.csv,0.09728396965855302,0.14286326195897392,0.10272724344885929,0.04494465903796587,1.1001518277789946,0.14970842884210667,0.42916971881018107,0.08571266205026817,0.2175479311479616,0.09197571039956173,0.34139095349418735
4_3_2,4_3_2\synth.csv,4_3_2\train.csv,4_3_2\val.csv,4_3_2\test.csv,0.05625616561750124,0.14403738191764737,0.122465699813473,0.05431293278740313,1.6484392544963304,0.14228784228393343,0.3854804302930547,0.08949106528440576,0.2628329164779755,0.06615996961927972,0.32597737312361197
4_4_2,4_4_2\synth.csv,4_4_2\train.csv,4_4_2\val.csv,4_4_2\test.csv,0.10073574646651517,0.13043268542686282,0.15860122207550173,0.05779978586753684,1.3422386131375297,0.134773802251546,0.38189363189833647,0.09109736562593884,0.23583282005826606,0.08360150682572007,0.3902398372401422
5_0_2,5_0_2\synth.csv,5_0_2\train.csv,5_0_2\val.csv,5_0_2\test.csv,0.08376800161720588,0.13398266962982563,0.11553051283917776,0.043345917972886665,1.525978911609351,0.13896292218941975,0.421812231590106,0.09130767063792977,0.24633357080973978,0.07826652283435653,0.38277576496538623
5_1_2,5_1_2\synth.csv,5_1_2\train.csv,5_1_2\val.csv,5_1_2\test.csv,0.0769282171426865,0.14154374891637833,0.09599090207523965,0.05695982058528233,1.5446227360527494,0.16803271455013288,0.439456013469038,0.08166376557959076,0.22431853633651203,0.08035406106696635,0.3316269252653767
5_2_2,5_2_2\synth.csv,5_2_2\train.csv,5_2_2\val.csv,5_2_2\test.csv,0.10895963693512811,0.14286326195897392,0.09261098363393698,0.044239248808747605,1.1323765508574177,0.14129113229648643,0.3762703280285514,0.08571266205026817,0.2175479311479616,0.09002649834543794,0.37693691187972234
5_3_2,5_3_2\synth.csv,5_3_2\train.csv,5_3_2\val.csv,5_3_2\test.csv,0.07701832387120466,0.14403738191764737,0.09523683342754864,0.048791405159118444,1.5242260033147887,0.13842754957778283,0.3880525860625411,0.08949106528440576,0.2628329164779755,0.08182042030943432,0.3372917198769487
5_4_2,5_4_2\synth.csv,5_4_2\train.csv,5_4_2\val.csv,5_4_2\test.csv,0.1523993525723294,0.13043268542686282,0.1570962247102746,0.04596625150778953,1.5179593737995678,0.12193612815512768,0.3426424288294527,0.09109736562593884,0.23583282005826606,0.08442448439987979,0.3729592527057849
6_0_2,6_0_2\synth.csv,6_0_2\train.csv,6_0_2\val.csv,6_0_2\test.csv,0.09059377800676582,0.13398266962982563,0.08652375747902856,0.03647009646922792,1.4084907168014686,0.13982140881123006,0.40976484884277875,0.09130767063792977,0.24633357080973978,0.07641599792620249,0.3741769098831389
6_1_2,6_1_2\synth.csv,6_1_2\train.csv,6_1_2\val.csv,6_1_2\test.csv,0.07396697343380787,0.14154374891637833,0.11968888322510575,0.05050280380008981,1.3241331481147023,0.15010830713109427,0.4007147367435726,0.08166376557959076,0.22431853633651203,0.08286174675594077,0.3750231906031515
6_2_2,6_2_2\synth.csv,6_2_2\train.csv,6_2_2\val.csv,6_2_2\test.csv,0.1170591086450683,0.14286326195897392,0.09236119733100145,0.03892949864270175,1.186372622301855,0.1278648941484251,0.36433091029460496,0.08571266205026817,0.2175479311479616,0.0975971925959086,0.3505398652682842
6_3_2,6_3_2\synth.csv,6_3_2\train.csv,6_3_2\val.csv,6_3_2\test.csv,0.09619020591438698,0.14403738191764737,0.11644715065658184,0.04168300331682408,1.4029662602871893,0.12773420971667232,0.43644733093292654,0.08949106528440576,0.2628329164779755,0.10173338186874467,0.3483532173230144
6_4_2,6_4_2\synth.csv,6_4_2\train.csv,6_4_2\val.csv,6_4_2\test.csv,0.12302644603790691,0.13043268542686282,0.138981103496482,0.03958913909823837,1.4447976894411538,0.12842004692756953,0.3536195240397848,0.09109736562593884,0.23583282005826606,0.09206486706216879,0.34011721740871037
7_0_2,7_0_2\synth.csv,7_0_2\train.csv,7_0_2\val.csv,7_0_2\test.csv,0.10117768177245978,0.13398266962982563,0.11225852867092173,0.031839636520554444,1.3582943590218188,0.14835703336439648,0.4520296185023187,0.09130767063792977,0.24633357080973978,0.0950982062659913,0.3484471196338852
7_1_2,7_1_2\synth.csv,7_1_2\train.csv,7_1_2\val.csv,7_1_2\test.csv,0.08369950730675357,0.14154374891637833,0.05463446491482545,0.049092056743167994,1.3180207772167833,0.14140762664056117,0.3663184394288759,0.08166376557959076,0.22431853633651203,0.08714040653359745,0.380820462720704
7_2_2,7_2_2\synth.csv,7_2_2\train.csv,7_2_2\val.csv,7_2_2\test.csv,0.11742717335593611,0.14286326195897392,0.10551754361563274,0.03166209207280061,1.1396540781502054,0.13954318375482927,0.3739639462752954,0.08571266205026817,0.2175479311479616,0.09886872484909554,0.36393919618929527
7_3_2,7_3_2\synth.csv,7_3_2\train.csv,7_3_2\val.csv,7_3_2\test.csv,0.08340387110153236,0.14403738191764737,0.11593314301827291,0.04453303022107122,1.4728751221106529,0.1427039226226085,0.3843292269808284,0.08949106528440576,0.2628329164779755,0.09254693379487589,0.3575299948753628
7_4_2,7_4_2\synth.csv,7_4_2\train.csv,7_4_2\val.csv,7_4_2\test.csv,0.12568494949236375,0.13043268542686282,0.1278634511170759,0.036583706235989444,1.3982124581607887,0.1365924401119612,0.4265196660986795,0.09109736562593884,0.23583282005826606,0.08440621369268715,0.37228638411421316
8_0_2,8_0_2\synth.csv,8_0_2\train.csv,8_0_2\val.csv,8_0_2\test.csv,0.10247134702911109,0.13398266962982563,0.10963190595566459,0.030401382025680414,1.373132787462843,0.14370384680761372,0.3825410877064488,0.09130767063792977,0.24633357080973978,0.09240569956640005,0.35653001625992575
8_1_2,8_1_2\synth.csv,8_1_2\train.csv,8_1_2\val.csv,8_1_2\test.csv,0.10300288358509757,0.14154374891637833,0.045833706446071786,0.03883487803364183,1.4669595286788761,0.16613183825171815,0.4031524096081291,0.08166376557959076,0.22431853633651203,0.08311112134571438,0.3764034174878932
8_2_2,8_2_2\synth.csv,8_2_2\train.csv,8_2_2\val.csv,8_2_2\test.csv,0.1118950520632056,0.14286326195897392,0.09706592680806392,0.027263516557919778,1.09981551850787,0.13963013739969168,0.38156933957896066,0.08571266205026817,0.2175479311479616,0.10255979536148509,0.33160117111106935
8_3_2,8_3_2\synth.csv,8_3_2\train.csv,8_3_2\val.csv,8_3_2\test.csv,0.09390209773807612,0.14403738191764737,0.10267572281186761,0.03793436488163053,1.5276716782816653,0.1413446205491249,0.3880386148834716,0.08949106528440576,0.2628329164779755,0.08732257465951486,0.3482303010642797
8_4_2,8_4_2\synth.csv,8_4_2\train.csv,8_4_2\val.csv,8_4_2\test.csv,0.12422897059376692,0.13043268542686282,0.05735158560163103,0.029834673720169624,1.209754315044722,0.1438162141345802,0.37562925095186983,0.09109736562593884,0.23583282005826606,0.09317091005038262,0.3558673699592009
9_0_2,9_0_2\synth.csv,9_0_2\train.csv,9_0_2\val.csv,9_0_2\test.csv,0.10866520088761977,0.13398266962982563,0.10358599322880759,0.020063709210219438,1.263566757525053,0.1533188887106487,0.37463450543315596,0.09130767063792977,0.24633357080973978,0.09500042314519595,0.31655874987108784
9_1_2,9_1_2\synth.csv,9_1_2\train.csv,9_1_2\val.csv,9_1_2\test.csv,0.11150817294090065,0.14154374891637833,0.07749478459272258,0.03470358286249642,1.4634443608635128,0.14934825156945958,0.39166434787211274,0.08166376557959076,0.22431853633651203,0.102427475235578,0.3541112958905407
9_2_2,9_2_2\synth.csv,9_2_2\train.csv,9_2_2\val.csv,9_2_2\test.csv,0.1192924786047781,0.14286326195897392,0.08780856067921,0.01887715249912387,1.0337729503449278,0.14442443919268366,0.3730834095440478,0.08571266205026817,0.2175479311479616,0.11116989969986474,0.33196063581639657
9_3_2,9_3_2\synth.csv,9_3_2\train.csv,9_3_2\val.csv,9_3_2\test.csv,0.10564249963818728,0.14403738191764737,0.08619874860160687,0.0350356779785603,1.4284412883801905,0.14331412373143076,0.4259656620813873,0.08949106528440576,0.2628329164779755,0.09909880351882255,0.3870492111013226
9_4_2,9_4_2\synth.csv,9_4_2\train.csv,9_4_2\val.csv,9_4_2\test.csv,0.12395731431579826,0.13043268542686282,0.054108529153964975,0.022915360563446813,1.3196860512523678,0.14996311246775623,0.40988170501917265,0.09109736562593884,0.23583282005826606,0.10580339996452398,0.3291783676247908
0_0_3,0_0_3\synth.csv,0_0_3\train.csv,0_0_3\val.csv,0_0_3\test.csv,-0.1934850290030632,0.13398266962982563,0.22629578398694603,0.11148455430068054,2.1574379526858225,0.14290397810837496,0.5132821632665425,0.09130767063792977,0.24633357080973978,0.08075765974605731,0.36556830532522727
0_1_3,0_1_3\synth.csv,0_1_3\train.csv,0_1_3\val.csv,0_1_3\test.csv,-0.1771496939729138,0.14154374891637833,0.22689114395301768,0.12527887374762586,2.166141681153484,0.14661277274026407,0.5065458420682378,0.08166376557959076,0.22431853633651203,0.07945248571644466,0.3633608939571499
0_2_3,0_2_3\synth.csv,0_2_3\train.csv,0_2_3\val.csv,0_2_3\test.csv,-0.2722882638611015,0.14286326195897392,0.2331915870026358,0.11697090847773879,1.9235709681170448,0.13918570658703977,0.4973273200551884,0.08571266205026817,0.2175479311479616,0.08337019927972741,0.3980437376398872
0_3_3,0_3_3\synth.csv,0_3_3\train.csv,0_3_3\val.csv,0_3_3\test.csv,-0.22605741877228236,0.14403738191764737,0.25446152471336086,0.10985494592005257,2.149003001082322,0.12300958221434924,0.49072715287210533,0.08949106528440576,0.2628329164779755,0.07676028191563282,0.3892403037717328
0_4_3,0_4_3\synth.csv,0_4_3\train.csv,0_4_3\val.csv,0_4_3\test.csv,-0.209277241793548,0.13043268542686282,0.21552320743714484,0.11063523745897054,2.269713061526984,0.1339175897244208,0.49116215123392787,0.09109736562593884,0.23583282005826606,0.07195898118329776,0.36386285684290953
1_0_3,1_0_3\synth.csv,1_0_3\train.csv,1_0_3\val.csv,1_0_3\test.csv,0.09472939061991248,0.13398266962982563,0.16412151704630454,0.07993207101643274,1.5402916569503204,0.13132020535903016,0.5012401110712692,0.09130767063792977,0.24633357080973978,0.07399992334336877,0.3779932591285165
1_1_3,1_1_3\synth.csv,1_1_3\train.csv,1_1_3\val.csv,1_1_3\test.csv,-0.15799481405626303,0.14154374891637833,0.23579361185487058,0.10635116569879641,1.504811182685031,0.1394382294397321,0.5082856962231568,0.08166376557959076,0.22431853633651203,0.09621272840472772,0.320852887332946
1_2_3,1_2_3\synth.csv,1_2_3\train.csv,1_2_3\val.csv,1_2_3\test.csv,0.06732156848399817,0.14286326195897392,0.19034456145338777,0.08609194838186211,1.1217775742480327,0.14824771205847348,0.38056693287498045,0.08571266205026817,0.2175479311479616,0.07202794393331297,0.36452724822612875
1_3_3,1_3_3\synth.csv,1_3_3\train.csv,1_3_3\val.csv,1_3_3\test.csv,0.04376004800013067,0.14403738191764737,0.15344737593477062,0.09864874157047641,1.7898651391207983,0.13195120681902273,0.45576322602200703,0.08949106528440576,0.2628329164779755,0.06355848783497033,0.3435772129448553
1_4_3,1_4_3\synth.csv,1_4_3\train.csv,1_4_3\val.csv,1_4_3\test.csv,0.13101906265937768,0.13043268542686282,0.13087975690886547,0.08680229252932914,1.4090093372503503,0.1313172213869254,0.43645393769740126,0.09109736562593884,0.23583282005826606,0.06903306059580419,0.37179254535145256
2_0_3,2_0_3\synth.csv,2_0_3\train.csv,2_0_3\val.csv,2_0_3\test.csv,0.023581593131988376,0.13398266962982563,0.1658556458111122,0.0797400569421782,1.1565821567424,0.14836074470145363,0.41358563422535516,0.09130767063792977,0.24633357080973978,0.07772818446145056,0.3575059378596114
2_1_3,2_1_3\synth.csv,2_1_3\train.csv,2_1_3\val.csv,2_1_3\test.csv,0.061005803814504045,0.14154374891637833,0.15257239811762266,0.07672327135259183,1.1972854483764044,0.15577594944703638,0.4578297632934526,0.08166376557959076,0.22431853633651203,0.07025826816335473,0.3000557595663358
2_2_3,2_2_3\synth.csv,2_2_3\train.csv,2_2_3\val.csv,2_2_3\test.csv,0.10449539647970663,0.14286326195897392,0.10248240914739463,0.07366195156199087,1.2894365603590738,0.14870693722775297,0.441769568108095,0.08571266205026817,0.2175479311479616,0.09397959363022286,0.3909765211363277
2_3_3,2_3_3\synth.csv,2_3_3\train.csv,2_3_3\val.csv,2_3_3\test.csv,-0.016578017873343454,0.14403738191764737,0.15196226041253807,0.08234677574365827,1.639418322367354,0.15137451676366667,0.47124864463558125,0.08949106528440576,0.2628329164779755,0.07008176917475048,0.3310089735724936
2_4_3,2_4_3\synth.csv,2_4_3\train.csv,2_4_3\val.csv,2_4_3\test.csv,0.07648278520068053,0.13043268542686282,0.16405046562751163,0.08090217651036902,1.134154756650701,0.14211795567900365,0.4550703806913815,0.09109736562593884,0.23583282005826606,0.06848374685392702,0.36691596201520926
3_0_3,3_0_3\synth.csv,3_0_3\train.csv,3_0_3\val.csv,3_0_3\test.csv,0.045685066795718265,0.13398266962982563,0.16843589061346942,0.06368161043385111,1.3131284899897573,0.1220907267453567,0.3347149984126231,0.09130767063792977,0.24633357080973978,0.08082125138214191,0.32763811528758635
3_1_3,3_1_3\synth.csv,3_1_3\train.csv,3_1_3\val.csv,3_1_3\test.csv,0.065236497004584,0.14154374891637833,0.10248842633656453,0.07331871199641149,1.2796773156344567,0.15770182344617506,0.46089706909476824,0.08166376557959076,0.22431853633651203,0.07549019389231795,0.3248709875473055
3_2_3,3_2_3\synth.csv,3_2_3\train.csv,3_2_3\val.csv,3_2_3\test.csv,0.04049805742883117,0.14286326195897392,0.1023462675038062,0.06988282312455196,1.1239707385812308,0.13859247059188345,0.39728264424872717,0.08571266205026817,0.2175479311479616,0.082525218325118,0.36771398993252946
3_3_3,3_3_3\synth.csv,3_3_3\train.csv,3_3_3\val.csv,3_3_3\test.csv,-0.0002879802067494719,0.14403738191764737,0.14189060731516437,0.07875258321926215,1.418854085768523,0.12280751126902918,0.4261018753984579,0.08949106528440576,0.2628329164779755,0.07502345904110881,0.348289546449025
3_4_3,3_4_3\synth.csv,3_4_3\train.csv,3_4_3\val.csv,3_4_3\test.csv,0.07867433716603733,0.13043268542686282,0.16591403601952381,0.06919067033911842,1.235443055179991,0.14583694809411496,0.40196273137686245,0.09109736562593884,0.23583282005826606,0.07697902790166977,0.3702832162181002
4_0_3,4_0_3\synth.csv,4_0_3\train.csv,4_0_3\val.csv,4_0_3\test.csv,0.07292339961240135,0.13398266962982563,0.1183928169199137,0.0620799449659745,1.5490703024029062,0.1476727480856905,0.41194139817537456,0.09130767063792977,0.24633357080973978,0.08149481763966837,0.38459583551731896
4_1_3,4_1_3\synth.csv,4_1_3\train.csv,4_1_3\val.csv,4_1_3\test.csv,0.06866296896961399,0.14154374891637833,0.1034027820314849,0.06860831929892337,1.4093927845162968,0.12867896441679771,0.3828249550710594,0.08166376557959076,0.22431853633651203,0.08063612157632581,0.35734757829447683
4_2_3,4_2_3\synth.csv,4_2_3\train.csv,4_2_3\val.csv,4_2_3\test.csv,0.12026945949090506,0.14286326195897392,0.10844292300234161,0.05279911510490082,1.2123829972278082,0.14254556817354203,0.37664203974471344,0.08571266205026817,0.2175479311479616,0.08845512499151166,0.3408235031675113
4_3_3,4_3_3\synth.csv,4_3_3\train.csv,4_3_3\val.csv,4_3_3\test.csv,0.04525501832342482,0.14403738191764737,0.1165503607799077,0.06365095844532216,1.5552987733293615,0.14770960613313755,0.4426647715877823,0.08949106528440576,0.2628329164779755,0.07174592139706559,0.37713871134243293
4_4_3,4_4_3\synth.csv,4_4_3\train.csv,4_4_3\val.csv,4_4_3\test.csv,0.1131816811616777,0.13043268542686282,0.15316704464569783,0.059643982285575076,1.411080723236631,0.15666448747293973,0.42053538621414127,0.09109736562593884,0.23583282005826606,0.0780429765118775,0.34810318201096857
5_0_3,5_0_3\synth.csv,5_0_3\train.csv,5_0_3\val.csv,5_0_3\test.csv,0.08207027715852389,0.13398266962982563,0.11052593031151751,0.04293435555250768,1.4280561099850302,0.14661347806214547,0.4047968883539427,0.09130767063792977,0.24633357080973978,0.08497157978272463,0.3684290892587412
5_1_3,5_1_3\synth.csv,5_1_3\train.csv,5_1_3\val.csv,5_1_3\test.csv,0.08647575301684551,0.14154374891637833,0.09566036313887465,0.06086496400099402,1.4796930494775564,0.15566286118485834,0.4068838728487263,0.08166376557959076,0.22431853633651203,0.07207415177200113,0.3569826718477058
5_2_3,5_2_3\synth.csv,5_2_3\train.csv,5_2_3\val.csv,5_2_3\test.csv,0.1107125037789164,0.14286326195897392,0.1002758441083132,0.05019875737925787,1.1330838642724066,0.1402377065963825,0.3887624546296167,0.08571266205026817,0.2175479311479616,0.08067811082409419,0.3437442002105786
5_3_3,5_3_3\synth.csv,5_3_3\train.csv,5_3_3\val.csv,5_3_3\test.csv,0.08209626064248488,0.14403738191764737,0.09269756631110727,0.05337692434830342,1.4455291085836004,0.12939598516041467,0.384300052642079,0.08949106528440576,0.2628329164779755,0.0873770238501079,0.3541583897883084
5_4_3,5_4_3\synth.csv,5_4_3\train.csv,5_4_3\val.csv,5_4_3\test.csv,0.12527089948827175,0.13043268542686282,0.14464467660073346,0.05133624288002283,1.5667634487143645,0.14962291043407588,0.44576739454776343,0.09109736562593884,0.23583282005826606,0.08435638711547594,0.4132562311251745
6_0_3,6_0_3\synth.csv,6_0_3\train.csv,6_0_3\val.csv,6_0_3\test.csv,0.08991649776182808,0.13398266962982563,0.08832365914947117,0.03523413937839389,1.2846306490162562,0.14937448783814128,0.36212029506879373,0.09130767063792977,0.24633357080973978,0.0967276000117892,0.3481533976479225
6_1_3,6_1_3\synth.csv,6_1_3\train.csv,6_1_3\val.csv,6_1_3\test.csv,0.09811990682938687,0.14154374891637833,0.10498718734025574,0.05047470862302618,1.4259042752421003,0.12502985402499495,0.3463511833890387,0.08166376557959076,0.22431853633651203,0.08255169057490325,0.37657406305550806
6_2_3,6_2_3\synth.csv,6_2_3\train.csv,6_2_3\val.csv,6_2_3\test.csv,0.11779706201321227,0.14286326195897392,0.10785688716377217,0.040835870665420264,1.1301269417372792,0.14463766717426604,0.37814829603654193,0.08571266205026817,0.2175479311479616,0.09110923645972349,0.3649656237370901
6_3_3,6_3_3\synth.csv,6_3_3\train.csv,6_3_3\val.csv,6_3_3\test.csv,0.09400704102166502,0.14403738191764737,0.09953931353233546,0.048303248653516095,1.3856797674634913,0.1394262679794281,0.4548693062598661,0.08949106528440576,0.2628329164779755,0.09183146100147226,0.31963677524489953
6_4_3,6_4_3\synth.csv,6_4_3\train.csv,6_4_3\val.csv,6_4_3\test.csv,0.12206488948830352,0.13043268542686282,0.13146069075591163,0.043091978119230843,1.4321726993798938,0.14348119171831467,0.41737877090302467,0.09109736562593884,0.23583282005826606,0.08224418693384769,0.30064310292941665
7_0_3,7_0_3\synth.csv,7_0_3\train.csv,7_0_3\val.csv,7_0_3\test.csv,0.09000982887505227,0.13398266962982563,0.0959170158551147,0.03272158055492228,1.237490591915089,0.14640793348977832,0.39419216461245654,0.09130767063792977,0.24633357080973978,0.08998162678547475,0.33389938133433306
7_1_3,7_1_3\synth.csv,7_1_3\train.csv,7_1_3\val.csv,7_1_3\test.csv,0.09873945955801688,0.14154374891637833,0.05903928429362923,0.047812990055136353,1.326271628501933,0.15000447342825807,0.3907628001198116,0.08166376557959076,0.22431853633651203,0.08639857810810213,0.35999530486876086
7_2_3,7_2_3\synth.csv,7_2_3\train.csv,7_2_3\val.csv,7_2_3\test.csv,0.12106899682013883,0.14286326195897392,0.10807134584105738,0.03319712166031782,1.0956830414845649,0.14892325840548992,0.3527808520581289,0.08571266205026817,0.2175479311479616,0.09783886833472522,0.3527472278401885
7_3_3,7_3_3\synth.csv,7_3_3\train.csv,7_3_3\val.csv,7_3_3\test.csv,0.09013229288563285,0.14403738191764737,0.10721112705870452,0.04913571974519964,1.4245428347672338,0.15398863206779295,0.458297093431123,0.08949106528440576,0.2628329164779755,0.08184522571026585,0.3111608067608991
7_4_3,7_4_3\synth.csv,7_4_3\train.csv,7_4_3\val.csv,7_4_3\test.csv,0.12145173633181738,0.13043268542686282,0.12905041001937223,0.03966101895967706,1.345047299217565,0.14323494554010702,0.357654430985227,0.09109736562593884,0.23583282005826606,0.08757602976723798,0.36335749410618945
8_0_3,8_0_3\synth.csv,8_0_3\train.csv,8_0_3\val.csv,8_0_3\test.csv,0.09899446010921109,0.13398266962982563,0.10403359473081679,0.029908057876859358,1.3111326288192482,0.130556388031514,0.38835909687007,0.09130767063792977,0.24633357080973978,0.1091025141294272,0.3100520816194104
8_1_3,8_1_3\synth.csv,8_1_3\train.csv,8_1_3\val.csv,8_1_3\test.csv,0.1099933950261236,0.14154374891637833,0.05524741136988859,0.04331565661602867,1.464067455203815,0.16007444674908156,0.3945730739085464,0.08166376557959076,0.22431853633651203,0.090906258190116,0.3569351289722146
8_2_3,8_2_3\synth.csv,8_2_3\train.csv,8_2_3\val.csv,8_2_3\test.csv,0.11733098076129367,0.14286326195897392,0.10946802072760103,0.029393670081996635,1.1264217780704564,0.14915892274641873,0.40071824481798046,0.08571266205026817,0.2175479311479616,0.09945631678510838,0.3258489291357902
8_3_3,8_3_3\synth.csv,8_3_3\train.csv,8_3_3\val.csv,8_3_3\test.csv,0.09263820892600771,0.14403738191764737,0.0968061181456888,0.042203700121767725,1.4629078670406201,0.12995343311381471,0.41158020195020256,0.08949106528440576,0.2628329164779755,0.08833499091596729,0.30915755379648924
8_4_3,8_4_3\synth.csv,8_4_3\train.csv,8_4_3\val.csv,8_4_3\test.csv,0.11952834454714656,0.13043268542686282,0.05999685059353862,0.03347238987125559,1.1841499155365787,0.15018052139306562,0.3876694107344133,0.09109736562593884,0.23583282005826606,0.10307957672840729,0.34620122734070197
9_0_3,9_0_3\synth.csv,9_0_3\train.csv,9_0_3\val.csv,9_0_3\test.csv,0.10811556812402967,0.13398266962982563,0.0980847509821746,0.02019874446333003,1.2177569627734477,0.14641091056945746,0.3987549063374036,0.09130767063792977,0.24633357080973978,0.10993763037483043,0.3828041841458353
9_1_3,9_1_3\synth.csv,9_1_3\train.csv,9_1_3\val.csv,9_1_3\test.csv,0.12622390988852128,0.14154374891637833,0.079047347058848,0.03737019842108968,1.4958513252520997,0.1594097075790995,0.3851281165412389,0.08166376557959076,0.22431853633651203,0.08995093863507579,0.3458640478469113
9_2_3,9_2_3\synth.csv,9_2_3\train.csv,9_2_3\val.csv,9_2_3\test.csv,0.11420995726498195,0.14286326195897392,0.08536423882086315,0.02442577753041966,1.059441366896391,0.14854522141027868,0.36935066815157214,0.08571266205026817,0.2175479311479616,0.10802666133341772,0.32445491132217247
9_3_3,9_3_3\synth.csv,9_3_3\train.csv,9_3_3\val.csv,9_3_3\test.csv,0.10808384344732325,0.14403738191764737,0.0772675026306341,0.0413025583609175,1.3965422514036585,0.14634519148620634,0.3890619835073895,0.08949106528440576,0.2628329164779755,0.09447086651372157,0.35338293392565767
9_4_3,9_4_3\synth.csv,9_4_3\train.csv,9_4_3\val.csv,9_4_3\test.csv,0.12728126192047906,0.13043268542686282,0.060411305680644956,0.027723121136998725,1.2030362610265057,0.14733181706602122,0.37573385332954595,0.09109736562593884,0.23583282005826606,0.10195220283919577,0.35611447672386537
0_0_4,0_0_4\synth.csv,0_0_4\train.csv,0_0_4\val.csv,0_0_4\test.csv,-0.1952919272741267,0.13398266962982563,0.23627370470232498,0.11048947484169792,2.1835582317774453,0.148959637858613,0.613093066129897,0.09130767063792977,0.24633357080973978,0.07634366945109312,0.36502598302964145
0_1_4,0_1_4\synth.csv,0_1_4\train.csv,0_1_4\val.csv,0_1_4\test.csv,-0.18296263811905789,0.14154374891637833,0.2328543424693221,0.1258526758292225,2.1785169984215833,0.1487141823763118,0.4950056177168768,0.08166376557959076,0.22431853633651203,0.08250410995703832,0.3872177485991356
0_2_4,0_2_4\synth.csv,0_2_4\train.csv,0_2_4\val.csv,0_2_4\test.csv,-0.254568995894487,0.14286326195897392,0.23769934203162965,0.11478112778434163,1.9724796485258191,0.12749774553103493,0.4293965739302187,0.08571266205026817,0.2175479311479616,0.07989582517417458,0.36802296628762665
0_3_4,0_3_4\synth.csv,0_3_4\train.csv,0_3_4\val.csv,0_3_4\test.csv,-0.21943083866140545,0.14403738191764737,0.24643233307763257,0.10930047550334905,2.158209996205419,0.12620350473442013,0.5132408453095529,0.08949106528440576,0.2628329164779755,0.07701512781802582,0.4006298534318121
0_4_4,0_4_4\synth.csv,0_4_4\train.csv,0_4_4\val.csv,0_4_4\test.csv,-0.23830223538367834,0.13043268542686282,0.22769437587631824,0.11244005411535864,2.3003672699338535,0.12825491850105897,0.5357084449518102,0.09109736562593884,0.23583282005826606,0.06779434707802542,0.4273346698298852
1_0_4,1_0_4\synth.csv,1_0_4\train.csv,1_0_4\val.csv,1_0_4\test.csv,0.1231490290131857,0.13398266962982563,0.15336933288651103,0.07857145379429753,1.6268512804715511,0.1278812052478914,0.5225051931922275,0.09130767063792977,0.24633357080973978,0.06218672420468223,0.31718792305736876
1_1_4,1_1_4\synth.csv,1_1_4\train.csv,1_1_4\val.csv,1_1_4\test.csv,-0.14968076911609174,0.14154374891637833,0.24602131819611897,0.10628248592022863,1.4507500664527617,0.1374722426231561,0.5044376321019483,0.08166376557959076,0.22431853633651203,0.08428945774018996,0.3170733692148092
1_2_4,1_2_4\synth.csv,1_2_4\train.csv,1_2_4\val.csv,1_2_4\test.csv,0.07599652692684977,0.14286326195897392,0.1779626401182426,0.08558508500337948,1.111341284640768,0.1340911485068311,0.3957097971604516,0.08571266205026817,0.2175479311479616,0.07905866671669,0.3829446206794668
1_3_4,1_3_4\synth.csv,1_3_4\train.csv,1_3_4\val.csv,1_3_4\test.csv,0.037934818849465146,0.14403738191764737,0.1367255090719596,0.09346052996534986,1.7872777823940607,0.13432105233931363,0.4480795962529375,0.08949106528440576,0.2628329164779755,0.06455701122868951,0.3695082814179588
1_4_4,1_4_4\synth.csv,1_4_4\train.csv,1_4_4\val.csv,1_4_4\test.csv,0.13525966749154072,0.13043268542686282,0.1288522290225255,0.08295850024109032,1.3991606043256581,0.1280825072571375,0.45130235048348155,0.09109736562593884,0.23583282005826606,0.0652948724216757,0.36688503101563963
2_0_4,2_0_4\synth.csv,2_0_4\train.csv,2_0_4\val.csv,2_0_4\test.csv,0.08394309612994899,0.13398266962982563,0.15775150576243033,0.07582283356433739,1.2557118090810773,0.12820027862282138,0.4445926059889026,0.09130767063792977,0.24633357080973978,0.06915017940731064,0.3646708270877872
2_1_4,2_1_4\synth.csv,2_1_4\train.csv,2_1_4\val.csv,2_1_4\test.csv,0.06772610470816987,0.14154374891637833,0.1512799873107995,0.07454875974780281,1.2490529057933768,0.14302768789716697,0.41928507337924736,0.08166376557959076,0.22431853633651203,0.07939072290738901,0.3454830196121632
2_2_4,2_2_4\synth.csv,2_2_4\train.csv,2_2_4\val.csv,2_2_4\test.csv,0.09465876228899428,0.14286326195897392,0.10676903022158114,0.07217702866541122,1.228857044749894,0.13322624601467925,0.419257015271305,0.08571266205026817,0.2175479311479616,0.07655821362597053,0.3772479963910754
2_3_4,2_3_4\synth.csv,2_3_4\train.csv,2_3_4\val.csv,2_3_4\test.csv,0.021721121647698127,0.14403738191764737,0.1508921770228765,0.08131881733361579,1.6462223951654522,0.14909338094017138,0.4644580905608997,0.08949106528440576,0.2628329164779755,0.06603817337453884,0.3455880718218695
2_4_4,2_4_4\synth.csv,2_4_4\train.csv,2_4_4\val.csv,2_4_4\test.csv,0.08136459584113176,0.13043268542686282,0.15079383173229802,0.07876204861611535,1.1437042723924797,0.1424930064430009,0.4156424613410643,0.09109736562593884,0.23583282005826606,0.0691545185710497,0.33559049833205606
3_0_4,3_0_4\synth.csv,3_0_4\train.csv,3_0_4\val.csv,3_0_4\test.csv,0.05442495493266564,0.13398266962982563,0.16406919843695164,0.06269284341363204,1.451764273888095,0.13172430739573493,0.38402194700237097,0.09130767063792977,0.24633357080973978,0.07681348317384204,0.37419875082053156
3_1_4,3_1_4\synth.csv,3_1_4\train.csv,3_1_4\val.csv,3_1_4\test.csv,0.05772117317050007,0.14154374891637833,0.10752781640468072,0.06822713508857434,1.3081029306644887,0.13610682393099513,0.4416939274070295,0.08166376557959076,0.22431853633651203,0.07443474597954905,0.3437373588137608
3_2_4,3_2_4\synth.csv,3_2_4\train.csv,3_2_4\val.csv,3_2_4\test.csv,0.058280091251674215,0.14286326195897392,0.12632004881570588,0.06627570991593744,1.1793603061674904,0.14238781610053836,0.41873534845579474,0.08571266205026817,0.2175479311479616,0.08926717362767883,0.34695364345304436
3_3_4,3_3_4\synth.csv,3_3_4\train.csv,3_3_4\val.csv,3_3_4\test.csv,0.009720189346169472,0.14403738191764737,0.14170670137353322,0.07772882048877133,1.454234341726658,0.1309801196753531,0.40551650303798803,0.08949106528440576,0.2628329164779755,0.07335219612164953,0.36892529369039984
3_4_4,3_4_4\synth.csv,3_4_4\train.csv,3_4_4\val.csv,3_4_4\test.csv,0.0883192334004701,0.13043268542686282,0.16703709344095374,0.0674273906701236,1.2946131935939087,0.14314470206395846,0.4224409842993791,0.09109736562593884,0.23583282005826606,0.0743136964230121,0.3453972804700636
4_0_4,4_0_4\synth.csv,4_0_4\train.csv,4_0_4\val.csv,4_0_4\test.csv,0.07333808900377536,0.13398266962982563,0.12417668132701647,0.05730195875543124,1.6237279004329566,0.14682278897946388,0.41040047406257996,0.09130767063792977,0.24633357080973978,0.07552728583572078,0.3567383315580464
4_1_4,4_1_4\synth.csv,4_1_4\train.csv,4_1_4\val.csv,4_1_4\test.csv,0.0726385110561153,0.14154374891637833,0.10767425654316326,0.060171000999644224,1.4970756903031839,0.13427696205913664,0.406314958539225,0.08166376557959076,0.22431853633651203,0.08351451316047243,0.32514870295813486
4_2_4,4_2_4\synth.csv,4_2_4\train.csv,4_2_4\val.csv,4_2_4\test.csv,0.08784398687867989,0.14286326195897392,0.11396518812850355,0.05014641747873738,1.1988874611825273,0.13976649644847666,0.4100025816867299,0.08571266205026817,0.2175479311479616,0.08621578812507091,0.2956245827029916
4_3_4,4_3_4\synth.csv,4_3_4\train.csv,4_3_4\val.csv,4_3_4\test.csv,0.04171798347663813,0.14403738191764737,0.13293433533421448,0.06040114340877237,1.6284707401046656,0.12305831124901138,0.3799344183406137,0.08949106528440576,0.2628329164779755,0.07528054186241714,0.3718323613749828
4_4_4,4_4_4\synth.csv,4_4_4\train.csv,4_4_4\val.csv,4_4_4\test.csv,0.11604019446316638,0.13043268542686282,0.1384747742585342,0.05448673769964254,1.3660547120556357,0.13816103121904244,0.3954387545023823,0.09109736562593884,0.23583282005826606,0.07614279345326196,0.3591465642312338
5_0_4,5_0_4\synth.csv,5_0_4\train.csv,5_0_4\val.csv,5_0_4\test.csv,0.08875683079073082,0.13398266962982563,0.11084906042337433,0.04105554294591049,1.4609540182804093,0.15034020500304626,0.4458701062069831,0.09130767063792977,0.24633357080973978,0.06996508685788799,0.3053475421364611
5_1_4,5_1_4\synth.csv,5_1_4\train.csv,5_1_4\val.csv,5_1_4\test.csv,0.08925923376345701,0.14154374891637833,0.11014407007090292,0.054877969364220444,1.4666574631362912,0.14703384703650033,0.4054968016400439,0.08166376557959076,0.22431853633651203,0.08333341745718587,0.37111210091837366
5_2_4,5_2_4\synth.csv,5_2_4\train.csv,5_2_4\val.csv,5_2_4\test.csv,0.10748952284745594,0.14286326195897392,0.10588161773785565,0.045177976421183395,1.181056167485076,0.1445594497798761,0.4325243048453553,0.08571266205026817,0.2175479311479616,0.07978740470372105,0.37785321190206894
5_3_4,5_3_4\synth.csv,5_3_4\train.csv,5_3_4\val.csv,5_3_4\test.csv,0.07213754494264601,0.14403738191764737,0.11482288138525727,0.049291878368698576,1.44529360288239,0.13298661121384875,0.44276408807603707,0.08949106528440576,0.2628329164779755,0.08372409561719696,0.36772770321950254
5_4_4,5_4_4\synth.csv,5_4_4\train.csv,5_4_4\val.csv,5_4_4\test.csv,0.12428488937062443,0.13043268542686282,0.14105698309937337,0.04674934419116992,1.4603481838758345,0.1288147656594108,0.34629678693252974,0.09109736562593884,0.23583282005826606,0.08311097011615981,0.3321164088054318
6_0_4,6_0_4\synth.csv,6_0_4\train.csv,6_0_4\val.csv,6_0_4\test.csv,0.10045997645539262,0.13398266962982563,0.08249781954138015,0.03331623333270493,1.3585048484079594,0.14524746709506314,0.39274858755266756,0.09130767063792977,0.24633357080973978,0.08171472759843931,0.3352196537282331
6_1_4,6_1_4\synth.csv,6_1_4\train.csv,6_1_4\val.csv,6_1_4\test.csv,0.09681569203186735,0.14154374891637833,0.10468354947119012,0.04653054188919954,1.402067141377041,0.1463322004493618,0.4044900596720613,0.08166376557959076,0.22431853633651203,0.08708479540585853,0.35139716620965955
6_2_4,6_2_4\synth.csv,6_2_4\train.csv,6_2_4\val.csv,6_2_4\test.csv,0.1015515214924092,0.14286326195897392,0.09738368778338817,0.038818975407429,1.188349030637699,0.1387384235513163,0.398596646287078,0.08571266205026817,0.2175479311479616,0.09441576771635962,0.362973325044072
6_3_4,6_3_4\synth.csv,6_3_4\train.csv,6_3_4\val.csv,6_3_4\test.csv,0.07074832503943329,0.14403738191764737,0.10843715807927917,0.04793602788073392,1.426268210736825,0.13389261934342234,0.38138768521790023,0.08949106528440576,0.2628329164779755,0.08753931922582901,0.36297134384830043
6_4_4,6_4_4\synth.csv,6_4_4\train.csv,6_4_4\val.csv,6_4_4\test.csv,0.12439042793554078,0.13043268542686282,0.14093172877436896,0.04076759928441029,1.4010012393692493,0.13428563828579168,0.3634075053907535,0.09109736562593884,0.23583282005826606,0.08412423854465872,0.3896357660603212
7_0_4,7_0_4\synth.csv,7_0_4\train.csv,7_0_4\val.csv,7_0_4\test.csv,0.10570583247478982,0.13398266962982563,0.10525915278426186,0.028391496631616588,1.3328210668614535,0.14407542218779013,0.3985473726530303,0.09130767063792977,0.24633357080973978,0.08364083683173362,0.3341378667777384
7_1_4,7_1_4\synth.csv,7_1_4\train.csv,7_1_4\val.csv,7_1_4\test.csv,0.1009851898239279,0.14154374891637833,0.05953542997375603,0.046198027857765,1.395514306342369,0.13458733297856335,0.39057105569943,0.08166376557959076,0.22431853633651203,0.08717957332113892,0.32834501362507784
7_2_4,7_2_4\synth.csv,7_2_4\train.csv,7_2_4\val.csv,7_2_4\test.csv,0.11134547749302603,0.14286326195897392,0.09735577171974602,0.030232113424674485,1.200114205104704,0.14739491475618433,0.3739526528147563,0.08571266205026817,0.2175479311479616,0.10481478261287325,0.37742662416503037
7_3_4,7_3_4\synth.csv,7_3_4\train.csv,7_3_4\val.csv,7_3_4\test.csv,0.10159269280652528,0.14403738191764737,0.11320473561631848,0.04951682046263046,1.4018660783650256,0.1280997115494616,0.40137454240537246,0.08949106528440576,0.2628329164779755,0.09167372306032284,0.3698598271382728
7_4_4,7_4_4\synth.csv,7_4_4\train.csv,7_4_4\val.csv,7_4_4\test.csv,0.12203996124423133,0.13043268542686282,0.14029719955917697,0.036881956067613804,1.3160869759230818,0.14306404940459067,0.42022405719857353,0.09109736562593884,0.23583282005826606,0.08750365486703096,0.3744243649593598
8_0_4,8_0_4\synth.csv,8_0_4\train.csv,8_0_4\val.csv,8_0_4\test.csv,0.10491037500380573,0.13398266962982563,0.09583951488420502,0.028770933508850335,1.34263171480435,0.13669270048870416,0.35003067924177866,0.09130767063792977,0.24633357080973978,0.0907675182294678,0.33590126662293585
8_1_4,8_1_4\synth.csv,8_1_4\train.csv,8_1_4\val.csv,8_1_4\test.csv,0.10858304000749641,0.14154374891637833,0.04514884816946895,0.03790609921451163,1.5110231120240187,0.14884290414843657,0.4012457509842838,0.08166376557959076,0.22431853633651203,0.09080440226392239,0.35170942893056895
8_2_4,8_2_4\synth.csv,8_2_4\train.csv,8_2_4\val.csv,8_2_4\test.csv,0.11113543132358439,0.14286326195897392,0.09859442316761347,0.027123844890704074,1.183874879855804,0.14323606369789976,0.3852598205500294,0.08571266205026817,0.2175479311479616,0.09064754652728402,0.32198062419934004
8_3_4,8_3_4\synth.csv,8_3_4\train.csv,8_3_4\val.csv,8_3_4\test.csv,0.08636993770633672,0.14403738191764737,0.09506159696018991,0.03898228755790873,1.5253926503978341,0.14572447503209524,0.4118632294580732,0.08949106528440576,0.2628329164779755,0.09159179959314617,0.3707430369613246
8_4_4,8_4_4\synth.csv,8_4_4\train.csv,8_4_4\val.csv,8_4_4\test.csv,0.12220662258052639,0.13043268542686282,0.06029461595858061,0.030247773594612528,1.1058460496033338,0.14950628669766744,0.4175749982588806,0.09109736562593884,0.23583282005826606,0.09326965845536433,0.3402002000229607
9_0_4,9_0_4\synth.csv,9_0_4\train.csv,9_0_4\val.csv,9_0_4\test.csv,0.11189412509405439,0.13398266962982563,0.089097535074389,0.019407699114945796,1.2494182026926623,0.14404121784883567,0.3746532591387948,0.09130767063792977,0.24633357080973978,0.10015697066343852,0.3057700128489139
9_1_4,9_1_4\synth.csv,9_1_4\train.csv,9_1_4\val.csv,9_1_4\test.csv,0.12153662866328174,0.14154374891637833,0.06906613719541614,0.03583933462887048,1.4960110913267315,0.1479663853149045,0.37057301406341103,0.08166376557959076,0.22431853633651203,0.09339040868777498,0.36915042447626556
9_2_4,9_2_4\synth.csv,9_2_4\train.csv,9_2_4\val.csv,9_2_4\test.csv,0.11242213138939838,0.14286326195897392,0.07517433763816433,0.020376578173946596,1.094721097502841,0.14190295408151243,0.3939085416875937,0.08571266205026817,0.2175479311479616,0.09993309972215836,0.30447200640796057
9_3_4,9_3_4\synth.csv,9_3_4\train.csv,9_3_4\val.csv,9_3_4\test.csv,0.10290292008322843,0.14403738191764737,0.07319279750796691,0.0351550471356915,1.4944339935166058,0.15207665616271349,0.42217430185979565,0.08949106528440576,0.2628329164779755,0.0900500475208445,0.3437426698811642
9_4_4,9_4_4\synth.csv,9_4_4\train.csv,9_4_4\val.csv,9_4_4\test.csv,0.12266473175028314,0.13043268542686282,0.05168506973299719,0.027586732995394405,1.1227987491989369,0.13722746640271116,0.38483800845728405,0.09109736562593884,0.23583282005826606,0.12139167286750607,0.3770190392125701
0_0_5,0_0_5\synth.csv,0_0_5\train.csv,0_0_5\val.csv,0_0_5\test.csv,-0.1815595742040248,0.13398266962982563,0.22772866160675434,0.10957501190287554,2.1448694387149208,0.1512709674209285,0.5149396378590656,0.09130767063792977,0.24633357080973978,0.07484983551093474,0.36540878320062387
0_1_5,0_1_5\synth.csv,0_1_5\train.csv,0_1_5\val.csv,0_1_5\test.csv,-0.1717989068985124,0.14154374891637833,0.2325224216440238,0.1261045655820608,2.1836387527552024,0.14401065897652995,0.5940590158144973,0.08166376557959076,0.22431853633651203,0.07371767172648605,0.34958932940326026
0_2_5,0_2_5\synth.csv,0_2_5\train.csv,0_2_5\val.csv,0_2_5\test.csv,-0.2532784005296047,0.14286326195897392,0.23647442696398155,0.1138708351479081,1.9731079304044403,0.1330453188507023,0.4828447170293563,0.08571266205026817,0.2175479311479616,0.08299343403378719,0.38047152154162706
0_3_5,0_3_5\synth.csv,0_3_5\train.csv,0_3_5\val.csv,0_3_5\test.csv,-0.20206458115088188,0.14403738191764737,0.25741354350475415,0.10995383779284065,2.136145645929663,0.13031332332536144,0.4901650107193405,0.08949106528440576,0.2628329164779755,0.07420202200482283,0.3666775890769531
0_4_5,0_4_5\synth.csv,0_4_5\train.csv,0_4_5\val.csv,0_4_5\test.csv,-0.21088897150722397,0.13043268542686282,0.22196182077052443,0.11271971791535784,2.2659813349074014,0.13580635464545798,0.529647956413211,0.09109736562593884,0.23583282005826606,0.08677984791238876,0.3851852887499562
1_0_5,1_0_5\synth.csv,1_0_5\train.csv,1_0_5\val.csv,1_0_5\test.csv,0.11076685804367681,0.13398266962982563,0.1653488977215756,0.08120036562374311,1.5437013714759409,0.1451135890945806,0.49154972875198544,0.09130767063792977,0.24633357080973978,0.07028861308453216,0.37636501861320026
1_1_5,1_1_5\synth.csv,1_1_5\train.csv,1_1_5\val.csv,1_1_5\test.csv,-0.1487746535118224,0.14154374891637833,0.23625552282693585,0.10923719338947865,1.356457457536112,0.14715379035769516,0.4638341096865391,0.08166376557959076,0.22431853633651203,0.10053336254529072,0.3871480802188293
1_2_5,1_2_5\synth.csv,1_2_5\train.csv,1_2_5\val.csv,1_2_5\test.csv,0.004581107229074899,0.14286326195897392,0.19062155113582768,0.08578456492194093,1.125180811638438,0.15233155162109951,0.4115555317515657,0.08571266205026817,0.2175479311479616,0.06891580585192916,0.3224342504992179
1_3_5,1_3_5\synth.csv,1_3_5\train.csv,1_3_5\val.csv,1_3_5\test.csv,0.04586235033950403,0.14403738191764737,0.15408402221674355,0.09666733456738913,1.7274136324652412,0.15257851807919423,0.47406072405731303,0.08949106528440576,0.2628329164779755,0.06491882281002165,0.3637783298777182
1_4_5,1_4_5\synth.csv,1_4_5\train.csv,1_4_5\val.csv,1_4_5\test.csv,0.1517338749003957,0.13043268542686282,0.13520754318192338,0.08560981186383552,1.405634192227318,0.1437917840436906,0.4268285745331774,0.09109736562593884,0.23583282005826606,0.07429287619647346,0.3669223615052096
2_0_5,2_0_5\synth.csv,2_0_5\train.csv,2_0_5\val.csv,2_0_5\test.csv,0.06297995396410083,0.13398266962982563,0.17272319052916493,0.07757980831826514,1.1717481203114288,0.1349125632557118,0.42213200089928027,0.09130767063792977,0.24633357080973978,0.08232485972597942,0.3989285577235959
2_1_5,2_1_5\synth.csv,2_1_5\train.csv,2_1_5\val.csv,2_1_5\test.csv,0.06603614229688848,0.14154374891637833,0.14373634749155054,0.07719825830802837,1.2490787166806268,0.14830152273754238,0.4555174696131603,0.08166376557959076,0.22431853633651203,0.08323864299937798,0.3686659288955452
2_2_5,2_2_5\synth.csv,2_2_5\train.csv,2_2_5\val.csv,2_2_5\test.csv,0.10567061243612519,0.14286326195897392,0.11592503488556556,0.07054967037933166,1.3385339745954972,0.12511151468748735,0.4329203685556001,0.08571266205026817,0.2175479311479616,0.07363354987691638,0.33399975077948374
2_3_5,2_3_5\synth.csv,2_3_5\train.csv,2_3_5\val.csv,2_3_5\test.csv,0.029097859043113128,0.14403738191764737,0.14342480449735437,0.08319711471259171,1.6438480814091896,0.14460903319849217,0.3740182272160424,0.08949106528440576,0.2628329164779755,0.06571942392651586,0.3695630461902243
2_4_5,2_4_5\synth.csv,2_4_5\train.csv,2_4_5\val.csv,2_4_5\test.csv,0.08824336180822412,0.13043268542686282,0.16106487391970972,0.07956581358391125,1.128398378601335,0.14601450895247725,0.47385666133980386,0.09109736562593884,0.23583282005826606,0.07033986361789546,0.36698923311433385
3_0_5,3_0_5\synth.csv,3_0_5\train.csv,3_0_5\val.csv,3_0_5\test.csv,0.048295892743160374,0.13398266962982563,0.1725535073026141,0.06160344646549053,1.3144126165565042,0.13104527946449013,0.39922687012800295,0.09130767063792977,0.24633357080973978,0.08451069904096414,0.36066210865035686
3_1_5,3_1_5\synth.csv,3_1_5\train.csv,3_1_5\val.csv,3_1_5\test.csv,0.07082858433626327,0.14154374891637833,0.10551964801325935,0.06798373564280415,1.2976858275287342,0.14871176928382557,0.39302430303940383,0.08166376557959076,0.22431853633651203,0.07604112027831714,0.3423759131333715
3_2_5,3_2_5\synth.csv,3_2_5\train.csv,3_2_5\val.csv,3_2_5\test.csv,0.08152650030293729,0.14286326195897392,0.11893337934087644,0.06522171872297053,1.1260462983608939,0.1427544671649889,0.4473675842862589,0.08571266205026817,0.2175479311479616,0.08033577642222425,0.4029089398137567
3_3_5,3_3_5\synth.csv,3_3_5\train.csv,3_3_5\val.csv,3_3_5\test.csv,0.013242508196370517,0.14403738191764737,0.14104469391736674,0.07735620392123405,1.414726876460101,0.15319404282636412,0.4530787080418086,0.08949106528440576,0.2628329164779755,0.06719424285101766,0.32672453943240254
3_4_5,3_4_5\synth.csv,3_4_5\train.csv,3_4_5\val.csv,3_4_5\test.csv,0.10175044706950875,0.13043268542686282,0.16957987650122772,0.06643719946596494,1.2580644838573236,0.1483754453445418,0.3534207628595898,0.09109736562593884,0.23583282005826606,0.07753888507532226,0.3915483482654617
4_0_5,4_0_5\synth.csv,4_0_5\train.csv,4_0_5\val.csv,4_0_5\test.csv,0.06288811451101306,0.13398266962982563,0.12725765371926376,0.05956587638225069,1.4322763514447776,0.13454068203819652,0.38510062925122057,0.09130767063792977,0.24633357080973978,0.07720862608417631,0.36642454373971145
4_1_5,4_1_5\synth.csv,4_1_5\train.csv,4_1_5\val.csv,4_1_5\test.csv,0.07808728322028347,0.14154374891637833,0.11607306089731229,0.061050912984995404,1.4086121310959567,0.14921039686689735,0.4340471785725398,0.08166376557959076,0.22431853633651203,0.08096225978328617,0.35990607711473405
4_2_5,4_2_5\synth.csv,4_2_5\train.csv,4_2_5\val.csv,4_2_5\test.csv,0.09543872897125771,0.14286326195897392,0.10803652814978942,0.048594714456070415,1.2426695298705186,0.148166857744081,0.39729486415474047,0.08571266205026817,0.2175479311479616,0.07915728676016769,0.36531360227127024
4_3_5,4_3_5\synth.csv,4_3_5\train.csv,4_3_5\val.csv,4_3_5\test.csv,0.041945904780336885,0.14403738191764737,0.12328700606693294,0.06098670715782142,1.5766956376702737,0.14041463204479598,0.4378679849017437,0.08949106528440576,0.2628329164779755,0.0717029709060775,0.32034623523046146
4_4_5,4_4_5\synth.csv,4_4_5\train.csv,4_4_5\val.csv,4_4_5\test.csv,0.11772501629507992,0.13043268542686282,0.1485082757537931,0.05291759629224065,1.34819817177924,0.145650244502112,0.4158616307486761,0.09109736562593884,0.23583282005826606,0.07428929421807719,0.3488694328774081
5_0_5,5_0_5\synth.csv,5_0_5\train.csv,5_0_5\val.csv,5_0_5\test.csv,0.08798113032410415,0.13398266962982563,0.11320698051487499,0.04142890566721245,1.4014838570590982,0.14926482257534077,0.4255382021011894,0.09130767063792977,0.24633357080973978,0.08572165152415703,0.38485402639521876
5_1_5,5_1_5\synth.csv,5_1_5\train.csv,5_1_5\val.csv,5_1_5\test.csv,0.09549627288149842,0.14154374891637833,0.10421158733318138,0.05508159350564926,1.5313925667762205,0.1503569612855721,0.3862146607222279,0.08166376557959076,0.22431853633651203,0.08707684855729386,0.35991474160915826
5_2_5,5_2_5\synth.csv,5_2_5\train.csv,5_2_5\val.csv,5_2_5\test.csv,0.10380254341148032,0.14286326195897392,0.10832702466298262,0.04594481167984904,1.134096325923284,0.14464130302752198,0.39046419368622876,0.08571266205026817,0.2175479311479616,0.08239584867099661,0.33968942365941285
5_3_5,5_3_5\synth.csv,5_3_5\train.csv,5_3_5\val.csv,5_3_5\test.csv,0.06808654793782387,0.14403738191764737,0.10315449262673367,0.05167574084919871,1.4548212839901558,0.14359414620164831,0.4044114369018287,0.08949106528440576,0.2628329164779755,0.07878194712658373,0.33603509279451405
5_4_5,5_4_5\synth.csv,5_4_5\train.csv,5_4_5\val.csv,5_4_5\test.csv,0.12372164626021409,0.13043268542686282,0.13677038180620588,0.044755571098887004,1.6273007993073771,0.14712796722806476,0.37259143278326273,0.09109736562593884,0.23583282005826606,0.08123195351046203,0.3296448940499913
6_0_5,6_0_5\synth.csv,6_0_5\train.csv,6_0_5\val.csv,6_0_5\test.csv,0.08558248452633932,0.13398266962982563,0.08511516182651058,0.03340353914362273,1.2357441130836737,0.1405322647113547,0.40753845176154135,0.09130767063792977,0.24633357080973978,0.08898954759708602,0.3758128504482213
6_1_5,6_1_5\synth.csv,6_1_5\train.csv,6_1_5\val.csv,6_1_5\test.csv,0.09870382357357699,0.14154374891637833,0.10964193267124282,0.05065797031218817,1.4157896245224244,0.14641036155204676,0.3770774434089325,0.08166376557959076,0.22431853633651203,0.08790825931471985,0.34882405044398973
6_2_5,6_2_5\synth.csv,6_2_5\train.csv,6_2_5\val.csv,6_2_5\test.csv,0.11481947006189552,0.14286326195897392,0.10902709575383279,0.03836639763683554,1.1141515877536703,0.14892858924895602,0.37621885595921456,0.08571266205026817,0.2175479311479616,0.08988181962808273,0.3478713200704584
6_3_5,6_3_5\synth.csv,6_3_5\train.csv,6_3_5\val.csv,6_3_5\test.csv,0.10462497971165963,0.14403738191764737,0.10275159910241698,0.047270030148768606,1.3403019067925503,0.13980170806916542,0.40712272182105025,0.08949106528440576,0.2628329164779755,0.09641400653004614,0.41605468666943607
6_4_5,6_4_5\synth.csv,6_4_5\train.csv,6_4_5\val.csv,6_4_5\test.csv,0.12459711111419758,0.13043268542686282,0.13719150548620734,0.03760887348159181,1.5272948303541816,0.13559412268397705,0.39627326364813,0.09109736562593884,0.23583282005826606,0.08267858459106724,0.35290077213205784
7_0_5,7_0_5\synth.csv,7_0_5\train.csv,7_0_5\val.csv,7_0_5\test.csv,0.09266064759623238,0.13398266962982563,0.09762015673058089,0.031219114960510004,1.1802878569115756,0.14432873414081737,0.4178235022092848,0.09130767063792977,0.24633357080973978,0.09519094318144193,0.3593954124451776
7_1_5,7_1_5\synth.csv,7_1_5\train.csv,7_1_5\val.csv,7_1_5\test.csv,0.10637015966722219,0.14154374891637833,0.053851217310599823,0.04792989970295968,1.4890230226079137,0.14052823356842922,0.40654879059288757,0.08166376557959076,0.22431853633651203,0.08814587273350478,0.37570888887687176
7_2_5,7_2_5\synth.csv,7_2_5\train.csv,7_2_5\val.csv,7_2_5\test.csv,0.12441741935242634,0.14286326195897392,0.10497412276903385,0.03802110034378728,1.1359896296204337,0.1497617364490949,0.39214510818968806,0.08571266205026817,0.2175479311479616,0.083270292147797,0.33375139662602277
7_3_5,7_3_5\synth.csv,7_3_5\train.csv,7_3_5\val.csv,7_3_5\test.csv,0.07280421436824913,0.14403738191764737,0.11152861006810337,0.04848416761697533,1.3187501262313568,0.14708008686855945,0.3768514701098177,0.08949106528440576,0.2628329164779755,0.09799961468269743,0.3667833807474682
7_4_5,7_4_5\synth.csv,7_4_5\train.csv,7_4_5\val.csv,7_4_5\test.csv,0.12361641616999586,0.13043268542686282,0.13281375350604208,0.03209185616902568,1.439769487939106,0.14797709084772787,0.3879121687523237,0.09109736562593884,0.23583282005826606,0.08413874665640504,0.3159758319008654
8_0_5,8_0_5\synth.csv,8_0_5\train.csv,8_0_5\val.csv,8_0_5\test.csv,0.10196487392555109,0.13398266962982563,0.102539931810604,0.027255846034198693,1.1866525303809514,0.13683688849793457,0.37142080041478864,0.09130767063792977,0.24633357080973978,0.09970696660619513,0.3499402255691122
8_1_5,8_1_5\synth.csv,8_1_5\train.csv,8_1_5\val.csv,8_1_5\test.csv,0.11433984738727399,0.14154374891637833,0.050924781160728315,0.04437326608088256,1.563313484128733,0.16063075177531488,0.38042029888521195,0.08166376557959076,0.22431853633651203,0.08210337929554687,0.3389435113549689
8_2_5,8_2_5\synth.csv,8_2_5\train.csv,8_2_5\val.csv,8_2_5\test.csv,0.12026926080523304,0.14286326195897392,0.10089078462239082,0.029454112181249777,1.0379749223004984,0.14267991121697132,0.37422742569404877,0.08571266205026817,0.2175479311479616,0.1010742613892388,0.34001584293991527
8_3_5,8_3_5\synth.csv,8_3_5\train.csv,8_3_5\val.csv,8_3_5\test.csv,0.09353189200109358,0.14403738191764737,0.08994719700840943,0.0401751550254185,1.3845973515398589,0.14630791128293835,0.40224550173743356,0.08949106528440576,0.2628329164779755,0.09007590251202949,0.33308651261891836
8_4_5,8_4_5\synth.csv,8_4_5\train.csv,8_4_5\val.csv,8_4_5\test.csv,0.11713883509968626,0.13043268542686282,0.0630049486269975,0.02782140263219155,1.242133863397382,0.14711206783770708,0.3817398541422176,0.09109736562593884,0.23583282005826606,0.11292223769331933,0.35954167382658775
9_0_5,9_0_5\synth.csv,9_0_5\train.csv,9_0_5\val.csv,9_0_5\test.csv,0.10632489541667856,0.13398266962982563,0.09216756924253618,0.019154615716094496,1.1352149886371738,0.1461455725730071,0.33912260409967043,0.09130767063792977,0.24633357080973978,0.09650451619076039,0.3341521269477868
9_1_5,9_1_5\synth.csv,9_1_5\train.csv,9_1_5\val.csv,9_1_5\test.csv,0.12666421907290104,0.14154374891637833,0.08850443608334262,0.03853284460775152,1.5578593698437864,0.15967051424753637,0.4011818109738696,0.08166376557959076,0.22431853633651203,0.1048843126589151,0.3882077190277573
9_2_5,9_2_5\synth.csv,9_2_5\train.csv,9_2_5\val.csv,9_2_5\test.csv,0.11912486340892836,0.14286326195897392,0.08348795343486205,0.02243458266791844,0.9660234850900085,0.14642466726817374,0.3780423157433531,0.08571266205026817,0.2175479311479616,0.10562136629337246,0.32058676818503073
9_3_5,9_3_5\synth.csv,9_3_5\train.csv,9_3_5\val.csv,9_3_5\test.csv,0.09902127544425166,0.14403738191764737,0.06308411745011683,0.03646036035134326,1.3761045471117808,0.13183187938517288,0.4293786638919217,0.08949106528440576,0.2628329164779755,0.09447432355192933,0.31574139613819935
9_4_5,9_4_5\synth.csv,9_4_5\train.csv,9_4_5\val.csv,9_4_5\test.csv,0.11089275830195011,0.13043268542686282,0.04967255388191449,0.022628150570575115,1.248277040143812,0.1453967395858685,0.38890498095451154,0.09109736562593884,0.23583282005826606,0.09718910928985253,0.32884024105488996
0_0_6,0_0_6\synth.csv,0_0_6\train.csv,0_0_6\val.csv,0_0_6\test.csv,-0.1771501672838227,0.13398266962982563,0.2389974579480092,0.11144722428957118,2.161201596492739,0.14827182976374853,0.5557831377962639,0.09130767063792977,0.24633357080973978,0.0726874987069184,0.3054568914953497
0_1_6,0_1_6\synth.csv,0_1_6\train.csv,0_1_6\val.csv,0_1_6\test.csv,-0.1755647311282338,0.14154374891637833,0.23156255590255667,0.1230957044047197,2.152296568684849,0.1537186784374851,0.5245681061387332,0.08166376557959076,0.22431853633651203,0.07749606327534872,0.3586186349835421
0_2_6,0_2_6\synth.csv,0_2_6\train.csv,0_2_6\val.csv,0_2_6\test.csv,-0.2494148558928153,0.14286326195897392,0.24035626962513623,0.11305523961693181,1.9604415033970344,0.1295631883884043,0.5334226736487817,0.08571266205026817,0.2175479311479616,0.07358018421992386,0.35580095570303144
0_3_6,0_3_6\synth.csv,0_3_6\train.csv,0_3_6\val.csv,0_3_6\test.csv,-0.22893772787790567,0.14403738191764737,0.2448577904794936,0.11064516329831021,2.160814206627262,0.1252763240711549,0.4669531075698929,0.08949106528440576,0.2628329164779755,0.07367362050276013,0.3432275110409918
0_4_6,0_4_6\synth.csv,0_4_6\train.csv,0_4_6\val.csv,0_4_6\test.csv,-0.20800073989847867,0.13043268542686282,0.21460070527226302,0.10953843575105707,2.322767465114918,0.1458075617943882,0.5394770494251022,0.09109736562593884,0.23583282005826606,0.06864825497302238,0.36075164281727923
1_0_6,1_0_6\synth.csv,1_0_6\train.csv,1_0_6\val.csv,1_0_6\test.csv,0.12879303140771237,0.13398266962982563,0.15844704293516823,0.07794936205670312,1.633246055649318,0.1361281416820581,0.47448058943313154,0.09130767063792977,0.24633357080973978,0.06818357180414532,0.34612491258013567
1_1_6,1_1_6\synth.csv,1_1_6\train.csv,1_1_6\val.csv,1_1_6\test.csv,-0.152182893379039,0.14154374891637833,0.2427879569096331,0.10361921344543801,1.4023263089744569,0.1417600501816364,0.5181300159331161,0.08166376557959076,0.22431853633651203,0.09252425169855091,0.35722429995161975
1_2_6,1_2_6\synth.csv,1_2_6\train.csv,1_2_6\val.csv,1_2_6\test.csv,0.01853916412572565,0.14286326195897392,0.17888072252962264,0.07924574674082835,1.1715788115587245,0.13829925060443188,0.4911550059718912,0.08571266205026817,0.2175479311479616,0.07362773468155384,0.326744311979387
1_3_6,1_3_6\synth.csv,1_3_6\train.csv,1_3_6\val.csv,1_3_6\test.csv,0.04132567884823657,0.14403738191764737,0.14993846270614042,0.09289900053976918,1.7745008710691421,0.14884162432042458,0.49364831937796716,0.08949106528440576,0.2628329164779755,0.06420385447741252,0.41555792417426474
1_4_6,1_4_6\synth.csv,1_4_6\train.csv,1_4_6\val.csv,1_4_6\test.csv,0.05713646903541336,0.13043268542686282,0.1351935133079587,0.08455972549268095,1.3463329690243222,0.1320796612698074,0.4498001571117508,0.09109736562593884,0.23583282005826606,0.06767035671989428,0.33606266267943286
2_0_6,2_0_6\synth.csv,2_0_6\train.csv,2_0_6\val.csv,2_0_6\test.csv,0.041440649654142625,0.13398266962982563,0.16207197432838027,0.07848920570385144,1.1784885634238986,0.14047512058671635,0.39927168627488374,0.09130767063792977,0.24633357080973978,0.06620020882528083,0.32447787014830776
2_1_6,2_1_6\synth.csv,2_1_6\train.csv,2_1_6\val.csv,2_1_6\test.csv,0.06731776409790535,0.14154374891637833,0.141614823084089,0.07060213617253315,1.2572472337469967,0.14104410922802452,0.40533921734908934,0.08166376557959076,0.22431853633651203,0.07984450972091683,0.3552590606789664
2_2_6,2_2_6\synth.csv,2_2_6\train.csv,2_2_6\val.csv,2_2_6\test.csv,0.10371526954192667,0.14286326195897392,0.10975853071198598,0.06815882576249982,1.26310581623473,0.14112694758169358,0.44600609150460946,0.08571266205026817,0.2175479311479616,0.0787804567404382,0.39676162661182945
2_3_6,2_3_6\synth.csv,2_3_6\train.csv,2_3_6\val.csv,2_3_6\test.csv,0.026121012293809365,0.14403738191764737,0.1462347541972579,0.07972120159553901,1.7082057151809944,0.14613688847670492,0.4370894330474064,0.08949106528440576,0.2628329164779755,0.07053346167892088,0.39215020762118047
2_4_6,2_4_6\synth.csv,2_4_6\train.csv,2_4_6\val.csv,2_4_6\test.csv,0.06381769582362573,0.13043268542686282,0.17132465129629634,0.08171411540910228,1.10856358901556,0.14383090722140307,0.39662388662158576,0.09109736562593884,0.23583282005826606,0.071595482711201,0.3880387952124746
3_0_6,3_0_6\synth.csv,3_0_6\train.csv,3_0_6\val.csv,3_0_6\test.csv,0.05767936654858574,0.13398266962982563,0.1646636448912052,0.06696950123901481,1.3627930594456232,0.1270159564379698,0.3415449571490201,0.09130767063792977,0.24633357080973978,0.07506198623190063,0.34234606358980924
3_1_6,3_1_6\synth.csv,3_1_6\train.csv,3_1_6\val.csv,3_1_6\test.csv,0.07114963561012733,0.14154374891637833,0.11183428083411186,0.06640724872976664,1.401810137549741,0.14440764061158667,0.3962331837376054,0.08166376557959076,0.22431853633651203,0.07904636906109011,0.30983924440282984
3_2_6,3_2_6\synth.csv,3_2_6\train.csv,3_2_6\val.csv,3_2_6\test.csv,0.08156821763056599,0.14286326195897392,0.11408186037402725,0.06470270235406367,1.1336540387632508,0.1361335850366378,0.4297536815630513,0.08571266205026817,0.2175479311479616,0.08188453892685801,0.36577293665778066
3_3_6,3_3_6\synth.csv,3_3_6\train.csv,3_3_6\val.csv,3_3_6\test.csv,0.028794431912635754,0.14403738191764737,0.14033184374370308,0.07539483717777178,1.511975072539251,0.14392789745707157,0.46606532799844647,0.08949106528440576,0.2628329164779755,0.06706050702360497,0.3692917561673056
3_4_6,3_4_6\synth.csv,3_4_6\train.csv,3_4_6\val.csv,3_4_6\test.csv,0.07227785418729338,0.13043268542686282,0.17832246216992906,0.06837102275124071,1.2316433959460154,0.1456142205100151,0.4307290132805156,0.09109736562593884,0.23583282005826606,0.0798587966595827,0.41764827558929696
4_0_6,4_0_6\synth.csv,4_0_6\train.csv,4_0_6\val.csv,4_0_6\test.csv,0.06780219243012808,0.13398266962982563,0.13397918844423226,0.0585390935706253,1.58518215096977,0.1370672213601945,0.38797616022042236,0.09130767063792977,0.24633357080973978,0.072587338190605,0.3609541338118485
4_1_6,4_1_6\synth.csv,4_1_6\train.csv,4_1_6\val.csv,4_1_6\test.csv,0.0850949650790408,0.14154374891637833,0.10647850799448326,0.06037843045423197,1.5153616225277753,0.1572409469173871,0.44575887695179295,0.08166376557959076,0.22431853633651203,0.07771749466040753,0.36028460131861406
4_2_6,4_2_6\synth.csv,4_2_6\train.csv,4_2_6\val.csv,4_2_6\test.csv,0.10881601636886462,0.14286326195897392,0.1036442196273016,0.04837803961181987,1.2950935177544725,0.14913337722197215,0.4302107785449912,0.08571266205026817,0.2175479311479616,0.0878761527783376,0.3644775197867608
4_3_6,4_3_6\synth.csv,4_3_6\train.csv,4_3_6\val.csv,4_3_6\test.csv,0.05005737102472785,0.14403738191764737,0.13139113485648315,0.059439514927220244,1.662912387736529,0.13668270237892421,0.4474382818737871,0.08949106528440576,0.2628329164779755,0.06783359935440939,0.3403414369532826
4_4_6,4_4_6\synth.csv,4_4_6\train.csv,4_4_6\val.csv,4_4_6\test.csv,0.11212346532625173,0.13043268542686282,0.15933005394788222,0.053646290978815875,1.359448007638686,0.1480377180918102,0.3591358493402379,0.09109736562593884,0.23583282005826606,0.08146785048518423,0.3748914667554385
5_0_6,5_0_6\synth.csv,5_0_6\train.csv,5_0_6\val.csv,5_0_6\test.csv,0.0824314605499542,0.13398266962982563,0.11507935106981555,0.0415910143226466,1.4490464733265787,0.12983049824128265,0.3931804483926157,0.09130767063792977,0.24633357080973978,0.07252981574334788,0.3692678231905861
5_1_6,5_1_6\synth.csv,5_1_6\train.csv,5_1_6\val.csv,5_1_6\test.csv,0.09259423970368685,0.14154374891637833,0.10094192431992406,0.05631462732739442,1.4797782243063222,0.15296792118808344,0.38883186922763835,0.08166376557959076,0.22431853633651203,0.08431713458633668,0.3996514217617645
5_2_6,5_2_6\synth.csv,5_2_6\train.csv,5_2_6\val.csv,5_2_6\test.csv,0.1124559312000778,0.14286326195897392,0.10295339554685846,0.0451719830799901,1.2538861842796372,0.1326178155189333,0.3840112842706234,0.08571266205026817,0.2175479311479616,0.08408778572177954,0.3438661847466179
5_3_6,5_3_6\synth.csv,5_3_6\train.csv,5_3_6\val.csv,5_3_6\test.csv,0.07681679345158754,0.14403738191764737,0.10743825420375079,0.049586237035820456,1.52504406628568,0.14359896310817172,0.4132128941496301,0.08949106528440576,0.2628329164779755,0.07905134560140284,0.3135510550331413
5_4_6,5_4_6\synth.csv,5_4_6\train.csv,5_4_6\val.csv,5_4_6\test.csv,0.12429413063585848,0.13043268542686282,0.1347997622065966,0.044098473169061195,1.6165641130892259,0.13515972627612122,0.3730823289779529,0.09109736562593884,0.23583282005826606,0.07795938663135699,0.3778661309461629
6_0_6,6_0_6\synth.csv,6_0_6\train.csv,6_0_6\val.csv,6_0_6\test.csv,0.0907794799947671,0.13398266962982563,0.09793770637406207,0.03109437279887177,1.2042234939563614,0.1451027672883754,0.4159117564500098,0.09130767063792977,0.24633357080973978,0.09220004682317273,0.3320206083336756
6_1_6,6_1_6\synth.csv,6_1_6\train.csv,6_1_6\val.csv,6_1_6\test.csv,0.10102849889419052,0.14154374891637833,0.10046860027607059,0.050163491760191734,1.4184477537712228,0.1485617000032352,0.37872799505819477,0.08166376557959076,0.22431853633651203,0.0856721413085889,0.3501905072719743
6_2_6,6_2_6\synth.csv,6_2_6\train.csv,6_2_6\val.csv,6_2_6\test.csv,0.11438956681153079,0.14286326195897392,0.08350955731529658,0.0381626621214893,1.190518764244434,0.14990103960119072,0.38611369478540947,0.08571266205026817,0.2175479311479616,0.07675408066881881,0.3651893320227268
6_3_6,6_3_6\synth.csv,6_3_6\train.csv,6_3_6\val.csv,6_3_6\test.csv,0.07381723152599695,0.14403738191764737,0.11137158558321804,0.04640662965582937,1.3531076498076269,0.13885762147294484,0.36905237129751556,0.08949106528440576,0.2628329164779755,0.08413706079274555,0.3216087491398487
6_4_6,6_4_6\synth.csv,6_4_6\train.csv,6_4_6\val.csv,6_4_6\test.csv,0.11299917863967701,0.13043268542686282,0.14166124108346692,0.03763189079415228,1.5865111720254006,0.12959711884782554,0.39453906658262694,0.09109736562593884,0.23583282005826606,0.08293778130306798,0.3458621102882494
7_0_6,7_0_6\synth.csv,7_0_6\train.csv,7_0_6\val.csv,7_0_6\test.csv,0.09783082022036171,0.13398266962982563,0.11525985381041821,0.029898896171553987,1.2149612634046865,0.14757482147004503,0.42601602446687825,0.09130767063792977,0.24633357080973978,0.09290575231473444,0.32687172259281105
7_1_6,7_1_6\synth.csv,7_1_6\train.csv,7_1_6\val.csv,7_1_6\test.csv,0.09664822704799236,0.14154374891637833,0.06885450410305603,0.044330942011088316,1.3980530780885383,0.1422637989788506,0.3604623859273052,0.08166376557959076,0.22431853633651203,0.0916002403530945,0.3512470056039804
7_2_6,7_2_6\synth.csv,7_2_6\train.csv,7_2_6\val.csv,7_2_6\test.csv,0.12117495981119364,0.14286326195897392,0.09427093312232676,0.033617792102760106,1.217588823818083,0.14629008634647145,0.4118568238247404,0.08571266205026817,0.2175479311479616,0.0852830941920853,0.3336199055908916
7_3_6,7_3_6\synth.csv,7_3_6\train.csv,7_3_6\val.csv,7_3_6\test.csv,0.0805455610412914,0.14403738191764737,0.11441540518802497,0.04779909511517411,1.4172129393192197,0.13597120933692736,0.4024375759191775,0.08949106528440576,0.2628329164779755,0.08735857714570246,0.34499009564105
7_4_6,7_4_6\synth.csv,7_4_6\train.csv,7_4_6\val.csv,7_4_6\test.csv,0.11918675110071475,0.13043268542686282,0.13608827742868115,0.03617833725172011,1.5890490769092256,0.14017959945308667,0.38696695879230947,0.09109736562593884,0.23583282005826606,0.0823893921428442,0.33914479779822665
8_0_6,8_0_6\synth.csv,8_0_6\train.csv,8_0_6\val.csv,8_0_6\test.csv,0.10231102587066776,0.13398266962982563,0.10688176557157099,0.03158568053799375,1.2194880321644448,0.15051497047281653,0.38795318378855087,0.09130767063792977,0.24633357080973978,0.10378287237834892,0.3516665706220675
8_1_6,8_1_6\synth.csv,8_1_6\train.csv,8_1_6\val.csv,8_1_6\test.csv,0.11058061329118851,0.14154374891637833,0.05348014648066483,0.036562988271548906,1.5556791087258452,0.15788503304414392,0.38365546862548394,0.08166376557959076,0.22431853633651203,0.08583845539454424,0.3392628923316774
8_2_6,8_2_6\synth.csv,8_2_6\train.csv,8_2_6\val.csv,8_2_6\test.csv,0.12056931229735035,0.14286326195897392,0.09504118047214805,0.02778646321851961,1.2788671795733668,0.13769821998672754,0.4083135982964329,0.08571266205026817,0.2175479311479616,0.09340299324943156,0.33371397289938265
8_3_6,8_3_6\synth.csv,8_3_6\train.csv,8_3_6\val.csv,8_3_6\test.csv,0.09100754556891244,0.14403738191764737,0.0905213797775054,0.03926961156996416,1.5149123663857815,0.13989304114266934,0.36988173181407435,0.08949106528440576,0.2628329164779755,0.08953406737131137,0.3574944338016298
8_4_6,8_4_6\synth.csv,8_4_6\train.csv,8_4_6\val.csv,8_4_6\test.csv,0.10739826647716111,0.13043268542686282,0.061075800468385795,0.02988495968596295,1.28966895298562,0.14035974971395815,0.3625313483895022,0.09109736562593884,0.23583282005826606,0.09178572953894042,0.3601903185176996
9_0_6,9_0_6\synth.csv,9_0_6\train.csv,9_0_6\val.csv,9_0_6\test.csv,0.11005440537095124,0.13398266962982563,0.0917325298375275,0.023308054812045894,1.2147396502781211,0.14180504995746196,0.3693945761561929,0.09130767063792977,0.24633357080973978,0.10118745579635866,0.3658421511883333
9_1_6,9_1_6\synth.csv,9_1_6\train.csv,9_1_6\val.csv,9_1_6\test.csv,0.09047715893519881,0.14154374891637833,0.06816059934356014,0.03152677049591185,1.5670700144943142,0.15558094738589912,0.3770769193312956,0.08166376557959076,0.22431853633651203,0.08669681409654217,0.31556921890674583
9_2_6,9_2_6\synth.csv,9_2_6\train.csv,9_2_6\val.csv,9_2_6\test.csv,0.11809400973960948,0.14286326195897392,0.05931417692400811,0.01941960827553888,1.1361885081247496,0.1438130096276983,0.3421942165336146,0.08571266205026817,0.2175479311479616,0.10514893636987699,0.35378498483967036
9_3_6,9_3_6\synth.csv,9_3_6\train.csv,9_3_6\val.csv,9_3_6\test.csv,0.1033833092143428,0.14403738191764737,0.0710308683872679,0.037922530672367616,1.4746324639120527,0.1463746894064177,0.3912086023575259,0.08949106528440576,0.2628329164779755,0.08505048890043918,0.3702576143387478
9_4_6,9_4_6\synth.csv,9_4_6\train.csv,9_4_6\val.csv,9_4_6\test.csv,0.10452029605114999,0.13043268542686282,0.05074091806885791,0.026368980660730866,1.3095248674012503,0.1454054585326391,0.4005341577276138,0.09109736562593884,0.23583282005826606,0.09919754757227667,0.33146327780610696
0_0_7,0_0_7\synth.csv,0_0_7\train.csv,0_0_7\val.csv,0_0_7\test.csv,-0.18511337837630193,0.13398266962982563,0.21876308362336858,0.10972134642620084,2.16308304818429,0.13344393500187923,0.49605126540683475,0.09130767063792977,0.24633357080973978,0.08044463215831846,0.3511463841705875
0_1_7,0_1_7\synth.csv,0_1_7\train.csv,0_1_7\val.csv,0_1_7\test.csv,-0.165722597646502,0.14154374891637833,0.22441280128323993,0.12663773500117836,2.155371622316494,0.15396177792094295,0.5455772746084673,0.08166376557959076,0.22431853633651203,0.07343995566436175,0.36326199745283594
0_2_7,0_2_7\synth.csv,0_2_7\train.csv,0_2_7\val.csv,0_2_7\test.csv,-0.260504895707685,0.14286326195897392,0.2336084562421282,0.11364257029341716,1.9720644916078083,0.11884327741015072,0.44757533131982297,0.08571266205026817,0.2175479311479616,0.0829560889476629,0.3786725874870789
0_3_7,0_3_7\synth.csv,0_3_7\train.csv,0_3_7\val.csv,0_3_7\test.csv,-0.2445224794442451,0.14403738191764737,0.24242739643432357,0.11295549211323583,2.147078986802113,0.12027069359437884,0.558706520878538,0.08949106528440576,0.2628329164779755,0.07517860928306638,0.3677042442563489
0_4_7,0_4_7\synth.csv,0_4_7\train.csv,0_4_7\val.csv,0_4_7\test.csv,-0.22718058471835123,0.13043268542686282,0.22286256025712867,0.10973900552308083,2.27130456601209,0.13108830306771918,0.5456252381390518,0.09109736562593884,0.23583282005826606,0.07584872089918261,0.36634774179135476
1_0_7,1_0_7\synth.csv,1_0_7\train.csv,1_0_7\val.csv,1_0_7\test.csv,0.13535073666454145,0.13398266962982563,0.16639104873001417,0.07482536095575512,1.645219795236433,0.12972601625732189,0.46384029878789257,0.09130767063792977,0.24633357080973978,0.06831415169701113,0.34029837548001307
1_1_7,1_1_7\synth.csv,1_1_7\train.csv,1_1_7\val.csv,1_1_7\test.csv,-0.13753121912071453,0.14154374891637833,0.23310919310015735,0.10521251633138391,1.4620132827233785,0.14422753521263942,0.47746208596822404,0.08166376557959076,0.22431853633651203,0.0883386474704638,0.3323498971068287
1_2_7,1_2_7\synth.csv,1_2_7\train.csv,1_2_7\val.csv,1_2_7\test.csv,0.009618873299991004,0.14286326195897392,0.18450229495395187,0.08341785740900567,1.1869138632271778,0.13564842083873463,0.48267060443946785,0.08571266205026817,0.2175479311479616,0.07358741906464167,0.3675621771822629
1_3_7,1_3_7\synth.csv,1_3_7\train.csv,1_3_7\val.csv,1_3_7\test.csv,0.08326903608696479,0.14403738191764737,0.13951177388950806,0.09031409940169412,1.7484903262053193,0.15234185938737238,0.5028727014601979,0.08949106528440576,0.2628329164779755,0.06454491853738588,0.36632448141838514
1_4_7,1_4_7\synth.csv,1_4_7\train.csv,1_4_7\val.csv,1_4_7\test.csv,0.14824303450004528,0.13043268542686282,0.13082524778746651,0.0814265775185314,1.4510955967524084,0.14469483580815418,0.4625029010326513,0.09109736562593884,0.23583282005826606,0.06644583223910268,0.35215962316597055
2_0_7,2_0_7\synth.csv,2_0_7\train.csv,2_0_7\val.csv,2_0_7\test.csv,0.03399607956018669,0.13398266962982563,0.16604047700681426,0.07745352109406282,1.249882179339276,0.14694387088792987,0.3953347693964109,0.09130767063792977,0.24633357080973978,0.07597116490585126,0.3022621122114423
2_1_7,2_1_7\synth.csv,2_1_7\train.csv,2_1_7\val.csv,2_1_7\test.csv,0.05821257467990115,0.14154374891637833,0.12899621186473575,0.07852472459377409,1.2447106476165082,0.14348387157212644,0.4358189718443102,0.08166376557959076,0.22431853633651203,0.08734514373282613,0.3706769764311119
2_2_7,2_2_7\synth.csv,2_2_7\train.csv,2_2_7\val.csv,2_2_7\test.csv,0.05812852734776319,0.14286326195897392,0.11173053163683029,0.07336746507745003,1.2794495794115899,0.14399826128002519,0.4090308678179314,0.08571266205026817,0.2175479311479616,0.0845201674882411,0.3515930900955033
2_3_7,2_3_7\synth.csv,2_3_7\train.csv,2_3_7\val.csv,2_3_7\test.csv,0.04501661322272388,0.14403738191764737,0.1334607461178192,0.07963485122709281,1.7125254338920888,0.14608588200038947,0.4328805731778114,0.08949106528440576,0.2628329164779755,0.06955717441395341,0.3698490663539017
2_4_7,2_4_7\synth.csv,2_4_7\train.csv,2_4_7\val.csv,2_4_7\test.csv,0.08745202247689476,0.13043268542686282,0.14793892941681236,0.07642905387439557,1.245465493291723,0.12331219275261143,0.47988206833303576,0.09109736562593884,0.23583282005826606,0.07164008878167397,0.3625303102210556
3_0_7,3_0_7\synth.csv,3_0_7\train.csv,3_0_7\val.csv,3_0_7\test.csv,0.04622694481378142,0.13398266962982563,0.1797602909665799,0.06335578748704311,1.3546131173093028,0.14445034410272561,0.32849106797070293,0.09130767063792977,0.24633357080973978,0.075857815392401,0.3166223448793416
3_1_7,3_1_7\synth.csv,3_1_7\train.csv,3_1_7\val.csv,3_1_7\test.csv,0.0607244414311483,0.14154374891637833,0.11615254522861007,0.07455376455096295,1.312620900919613,0.14827329117614388,0.42517783860680114,0.08166376557959076,0.22431853633651203,0.08555869517480227,0.35430881124897473
3_2_7,3_2_7\synth.csv,3_2_7\train.csv,3_2_7\val.csv,3_2_7\test.csv,0.06622452258432365,0.14286326195897392,0.1137673540949572,0.0682995839530205,1.1863715683721687,0.12857714405267728,0.41003823935110006,0.08571266205026817,0.2175479311479616,0.08554895152669488,0.3476276329617054
3_3_7,3_3_7\synth.csv,3_3_7\train.csv,3_3_7\val.csv,3_3_7\test.csv,0.03575579216257996,0.14403738191764737,0.1414324190533311,0.07537451298249402,1.4828780211856365,0.13673388080950913,0.4118458220840967,0.08949106528440576,0.2628329164779755,0.06658531787692937,0.39117977276733235
3_4_7,3_4_7\synth.csv,3_4_7\train.csv,3_4_7\val.csv,3_4_7\test.csv,0.1031691213054784,0.13043268542686282,0.17350671024257955,0.06403009706057451,1.3422357232264694,0.14897488536825298,0.3516729168192461,0.09109736562593884,0.23583282005826606,0.06923133956022418,0.3200672502812191
4_0_7,4_0_7\synth.csv,4_0_7\train.csv,4_0_7\val.csv,4_0_7\test.csv,0.06732216766306698,0.13398266962982563,0.12282721772190923,0.059125145729015366,1.6314647462968714,0.145614344012244,0.4192282932950064,0.09130767063792977,0.24633357080973978,0.08336101822616693,0.3428686774705698
4_1_7,4_1_7\synth.csv,4_1_7\train.csv,4_1_7\val.csv,4_1_7\test.csv,0.06097527221817911,0.14154374891637833,0.11483492821787576,0.06559154155138121,1.4408529295639112,0.1541364994635083,0.40357300501248117,0.08166376557959076,0.22431853633651203,0.08793639073765762,0.36640548181938
4_2_7,4_2_7\synth.csv,4_2_7\train.csv,4_2_7\val.csv,4_2_7\test.csv,0.09141357597161903,0.14286326195897392,0.09965182113723962,0.05098164755984304,1.1682719412988711,0.14971565896369382,0.3681636602562751,0.08571266205026817,0.2175479311479616,0.091697659384561,0.36303321447047465
4_3_7,4_3_7\synth.csv,4_3_7\train.csv,4_3_7\val.csv,4_3_7\test.csv,0.06073452703415949,0.14403738191764737,0.1337963601871056,0.0570932172194627,1.68447340906451,0.1320743604156212,0.3569776547611285,0.08949106528440576,0.2628329164779755,0.07409930916108856,0.3465375589074116
4_4_7,4_4_7\synth.csv,4_4_7\train.csv,4_4_7\val.csv,4_4_7\test.csv,0.11330807689365996,0.13043268542686282,0.13685548795703215,0.05546296975956844,1.3607574725307399,0.144366629955645,0.4295374141229797,0.09109736562593884,0.23583282005826606,0.07158740082421709,0.34944056446604593
5_0_7,5_0_7\synth.csv,5_0_7\train.csv,5_0_7\val.csv,5_0_7\test.csv,0.08570002354891404,0.13398266962982563,0.11178250360369475,0.04015205445171914,1.4342840623352027,0.15267818380357573,0.4265147103572863,0.09130767063792977,0.24633357080973978,0.07816087485554057,0.3400428901183555
5_1_7,5_1_7\synth.csv,5_1_7\train.csv,5_1_7\val.csv,5_1_7\test.csv,0.0903157995423296,0.14154374891637833,0.09915521481921286,0.0587121403611269,1.525739484794518,0.15621320422409257,0.39429749277475046,0.08166376557959076,0.22431853633651203,0.08135240486225169,0.3651355724023826
5_2_7,5_2_7\synth.csv,5_2_7\train.csv,5_2_7\val.csv,5_2_7\test.csv,0.1058399579336402,0.14286326195897392,0.09182851513812666,0.04559997870762147,1.153104975978145,0.1380450330179216,0.3510948516135953,0.08571266205026817,0.2175479311479616,0.08744670058888113,0.359567791357853
5_3_7,5_3_7\synth.csv,5_3_7\train.csv,5_3_7\val.csv,5_3_7\test.csv,0.07416211874793699,0.14403738191764737,0.09466834740549752,0.04925801072991657,1.4406572373040831,0.13794243783402127,0.37790657933578764,0.08949106528440576,0.2628329164779755,0.085529236055555,0.3526603380264048
5_4_7,5_4_7\synth.csv,5_4_7\train.csv,5_4_7\val.csv,5_4_7\test.csv,0.15259974365947593,0.13043268542686282,0.13930823204709117,0.045909847986927085,1.5646466526777911,0.14402688806075703,0.43965886470692817,0.09109736562593884,0.23583282005826606,0.08567858530931674,0.35875830377296963
6_0_7,6_0_7\synth.csv,6_0_7\train.csv,6_0_7\val.csv,6_0_7\test.csv,0.09513646127135023,0.13398266962982563,0.08860495748111695,0.03309778788919438,1.2388193747133889,0.1597618024707253,0.4174526256060669,0.09130767063792977,0.24633357080973978,0.08986762674464821,0.35313757807071455
6_1_7,6_1_7\synth.csv,6_1_7\train.csv,6_1_7\val.csv,6_1_7\test.csv,0.10214076701784536,0.14154374891637833,0.1111031227038201,0.045740265605486434,1.3700939931956546,0.14536557447673026,0.39518895950214894,0.08166376557959076,0.22431853633651203,0.08893831214587786,0.36636421318084833
6_2_7,6_2_7\synth.csv,6_2_7\train.csv,6_2_7\val.csv,6_2_7\test.csv,0.10931123384265273,0.14286326195897392,0.09058661297794511,0.03770233536900503,1.1785741138817747,0.13194284231305964,0.3738013601657715,0.08571266205026817,0.2175479311479616,0.09551274224146797,0.37450019577524674
6_3_7,6_3_7\synth.csv,6_3_7\train.csv,6_3_7\val.csv,6_3_7\test.csv,0.09085925568525188,0.14403738191764737,0.09753548661082484,0.04628952151923022,1.4102768671425454,0.1394906417003023,0.378586278262466,0.08949106528440576,0.2628329164779755,0.08259055725536298,0.34516401091477567
6_4_7,6_4_7\synth.csv,6_4_7\train.csv,6_4_7\val.csv,6_4_7\test.csv,0.1262311266655669,0.13043268542686282,0.15144438302005828,0.0434057127958383,1.5145945184184704,0.14403209404611975,0.39863359355474814,0.09109736562593884,0.23583282005826606,0.08692831699090453,0.32306217433040074
7_0_7,7_0_7\synth.csv,7_0_7\train.csv,7_0_7\val.csv,7_0_7\test.csv,0.09226204541978522,0.13398266962982563,0.10300420755158905,0.03171629623257767,1.219977360878205,0.15936658803207165,0.39057328422521054,0.09130767063792977,0.24633357080973978,0.10306742214841637,0.3384777574624498
7_1_7,7_1_7\synth.csv,7_1_7\train.csv,7_1_7\val.csv,7_1_7\test.csv,0.0928118338576488,0.14154374891637833,0.05897598800208465,0.04737245881259244,1.4074887639902878,0.14695899615889105,0.3949213020239567,0.08166376557959076,0.22431853633651203,0.09456969257212884,0.3737899883839281
7_2_7,7_2_7\synth.csv,7_2_7\train.csv,7_2_7\val.csv,7_2_7\test.csv,0.11810124995549975,0.14286326195897392,0.08936436526162916,0.03267906277328909,1.1685900403814746,0.14373499171042708,0.38102462980903395,0.08571266205026817,0.2175479311479616,0.09472375231620113,0.354869916131219
7_3_7,7_3_7\synth.csv,7_3_7\train.csv,7_3_7\val.csv,7_3_7\test.csv,0.09729123759261726,0.14403738191764737,0.10834796366731221,0.048224172561905095,1.3765677920785389,0.13666793979625264,0.3992616869512611,0.08949106528440576,0.2628329164779755,0.08758936023108922,0.3530227016274806
7_4_7,7_4_7\synth.csv,7_4_7\train.csv,7_4_7\val.csv,7_4_7\test.csv,0.1242607786123644,0.13043268542686282,0.14981744269580102,0.04020224100930551,1.4085190065254818,0.14918455719225193,0.3848108899835814,0.09109736562593884,0.23583282005826606,0.09047218587093693,0.3738464918569845
8_0_7,8_0_7\synth.csv,8_0_7\train.csv,8_0_7\val.csv,8_0_7\test.csv,0.10448710863186672,0.13398266962982563,0.0999396324061234,0.029763960529758392,1.1766813639712803,0.1554724263865957,0.40648403623026097,0.09130767063792977,0.24633357080973978,0.11107412516480993,0.3668892950988896
8_1_7,8_1_7\synth.csv,8_1_7\train.csv,8_1_7\val.csv,8_1_7\test.csv,0.09911464054647245,0.14154374891637833,0.046378300108098625,0.04058385312111182,1.5310688624599997,0.15055385119096798,0.3864865480410174,0.08166376557959076,0.22431853633651203,0.09200352811525825,0.3595132674782978
8_2_7,8_2_7\synth.csv,8_2_7\train.csv,8_2_7\val.csv,8_2_7\test.csv,0.10705048209238166,0.14286326195897392,0.10378333679303513,0.028314724474711395,1.1708104931695458,0.14717858533264377,0.3537264797956855,0.08571266205026817,0.2175479311479616,0.1035390241497282,0.3286550242941524
8_3_7,8_3_7\synth.csv,8_3_7\train.csv,8_3_7\val.csv,8_3_7\test.csv,0.09108832788003118,0.14403738191764737,0.08639478990149617,0.03859348980193785,1.4892717812787373,0.13696824926116094,0.3722423772671619,0.08949106528440576,0.2628329164779755,0.09232133610497566,0.3514820694490767
8_4_7,8_4_7\synth.csv,8_4_7\train.csv,8_4_7\val.csv,8_4_7\test.csv,0.11911168427524121,0.13043268542686282,0.08391664677689918,0.033712507100801405,1.209572114111938,0.1456100293969853,0.35333574108316945,0.09109736562593884,0.23583282005826606,0.09533626456128,0.31761785053234426
9_0_7,9_0_7\synth.csv,9_0_7\train.csv,9_0_7\val.csv,9_0_7\test.csv,0.10917063846586839,0.13398266962982563,0.09457576904197235,0.02118349505785408,1.1714993003967804,0.13862857358173647,0.42055558619561906,0.09130767063792977,0.24633357080973978,0.11215758853192444,0.34535025308773526
9_1_7,9_1_7\synth.csv,9_1_7\train.csv,9_1_7\val.csv,9_1_7\test.csv,0.11133657773397121,0.14154374891637833,0.07011316767380683,0.035779876857888124,1.4948127578283426,0.1754562538866476,0.42330141434444934,0.08166376557959076,0.22431853633651203,0.0951686137436034,0.3368303218544234
9_2_7,9_2_7\synth.csv,9_2_7\train.csv,9_2_7\val.csv,9_2_7\test.csv,0.1308753052903221,0.14286326195897392,0.07874856731184678,0.020515665277539945,1.0792966219835645,0.146606497197993,0.3798524989715736,0.08571266205026817,0.2175479311479616,0.10267313828647087,0.320763150126907
9_3_7,9_3_7\synth.csv,9_3_7\train.csv,9_3_7\val.csv,9_3_7\test.csv,0.1298508723478381,0.14403738191764737,0.06947551242567353,0.037020802408340436,1.4477535820276848,0.14499591274487802,0.4072583984442428,0.08949106528440576,0.2628329164779755,0.09291357461654196,0.3783016104535418
9_4_7,9_4_7\synth.csv,9_4_7\train.csv,9_4_7\val.csv,9_4_7\test.csv,0.11425222078679209,0.13043268542686282,0.0666408767232202,0.03136456981173094,1.3078081659658767,0.13340544880133198,0.38581597914159615,0.09109736562593884,0.23583282005826606,0.11185588342730494,0.3342911854452476
0_0_8,0_0_8\synth.csv,0_0_8\train.csv,0_0_8\val.csv,0_0_8\test.csv,-0.17965821278284233,0.13398266962982563,0.23082159339526007,0.1095962313577737,2.165958114527282,0.13293739413912342,0.5272175327998354,0.09130767063792977,0.24633357080973978,0.08166629283290322,0.386459031314669
0_1_8,0_1_8\synth.csv,0_1_8\train.csv,0_1_8\val.csv,0_1_8\test.csv,-0.1796342188017508,0.14154374891637833,0.2347752876061299,0.12386181909334423,2.1255036504346343,0.14655923335982196,0.5135102348534217,0.08166376557959076,0.22431853633651203,0.08388905640365216,0.3668330475214975
0_2_8,0_2_8\synth.csv,0_2_8\train.csv,0_2_8\val.csv,0_2_8\test.csv,-0.2808977931574539,0.14286326195897392,0.24290843722009683,0.11443647080366577,2.210553696013257,0.14531035103231815,0.4127209149011432,0.08571266205026817,0.2175479311479616,0.07497124529673271,0.3761588252888629
0_3_8,0_3_8\synth.csv,0_3_8\train.csv,0_3_8\val.csv,0_3_8\test.csv,-0.23834471127917545,0.14403738191764737,0.25968710308345627,0.1108086471978558,2.152619561857061,0.13377628846274722,0.5612734423203194,0.08949106528440576,0.2628329164779755,0.06844610832388001,0.31677023756824146
0_4_8,0_4_8\synth.csv,0_4_8\train.csv,0_4_8\val.csv,0_4_8\test.csv,-0.22237746277371584,0.13043268542686282,0.21878739958747437,0.11188616106759372,2.3036129954096034,0.13270422285569522,0.5110550591785696,0.09109736562593884,0.23583282005826606,0.07814756118631952,0.4175396590526671
1_0_8,1_0_8\synth.csv,1_0_8\train.csv,1_0_8\val.csv,1_0_8\test.csv,0.11687716718475383,0.13398266962982563,0.16535569595543673,0.07936649882794819,1.5801511706841829,0.14546629248549137,0.47515423135382717,0.09130767063792977,0.24633357080973978,0.06849926600422786,0.3438749394220382
1_1_8,1_1_8\synth.csv,1_1_8\train.csv,1_1_8\val.csv,1_1_8\test.csv,-0.1508529504768501,0.14154374891637833,0.23936953929960303,0.10451892881024254,1.3655204314333442,0.1433795800512479,0.4721582901283225,0.08166376557959076,0.22431853633651203,0.10144560538711647,0.3655346963480919
1_2_8,1_2_8\synth.csv,1_2_8\train.csv,1_2_8\val.csv,1_2_8\test.csv,0.08100144572052881,0.14286326195897392,0.19039715626728415,0.08320484698924652,1.1351540285784114,0.14197464988705613,0.4554610374171041,0.08571266205026817,0.2175479311479616,0.0712018813599076,0.3336845420832194
1_3_8,1_3_8\synth.csv,1_3_8\train.csv,1_3_8\val.csv,1_3_8\test.csv,0.03946192554293748,0.14403738191764737,0.1484298547142542,0.09341457429998452,1.7418614314097172,0.13964086471603365,0.4737259482227433,0.08949106528440576,0.2628329164779755,0.0671160937596438,0.37119493941505527
1_4_8,1_4_8\synth.csv,1_4_8\train.csv,1_4_8\val.csv,1_4_8\test.csv,0.1415705588682188,0.13043268542686282,0.12613055829270928,0.08373947426532287,1.4373960331316797,0.1290190474438209,0.43658099916952486,0.09109736562593884,0.23583282005826606,0.06578654291711994,0.3621311065851264
2_0_8,2_0_8\synth.csv,2_0_8\train.csv,2_0_8\val.csv,2_0_8\test.csv,0.06809839390222339,0.13398266962982563,0.1753311639764575,0.07526355389885632,1.2522525314354527,0.1431475871370267,0.46217546655078706,0.09130767063792977,0.24633357080973978,0.07189044185278784,0.369027220073694
2_1_8,2_1_8\synth.csv,2_1_8\train.csv,2_1_8\val.csv,2_1_8\test.csv,0.04235488888285388,0.14154374891637833,0.14452782435254266,0.07729005291724891,1.1797104423762144,0.14419865916819968,0.45739184525489185,0.08166376557959076,0.22431853633651203,0.09043343100817058,0.37100109126273084
2_2_8,2_2_8\synth.csv,2_2_8\train.csv,2_2_8\val.csv,2_2_8\test.csv,0.10448960469764279,0.14286326195897392,0.11151194904641216,0.0717236921921151,1.1784646215289332,0.14004707992926868,0.412778504015863,0.08571266205026817,0.2175479311479616,0.0768052288026359,0.3663890802620145
2_3_8,2_3_8\synth.csv,2_3_8\train.csv,2_3_8\val.csv,2_3_8\test.csv,0.018987421044371566,0.14403738191764737,0.14479747871317974,0.07844926209799817,1.606452742475053,0.13682425277658228,0.4256106427004223,0.08949106528440576,0.2628329164779755,0.07131211947350033,0.36541427195898135
2_4_8,2_4_8\synth.csv,2_4_8\train.csv,2_4_8\val.csv,2_4_8\test.csv,0.08388632428889986,0.13043268542686282,0.15599028524442815,0.07877818664283381,1.1475138913389324,0.12828674760577247,0.462738371123368,0.09109736562593884,0.23583282005826606,0.06831668013502397,0.3698449737021271
3_0_8,3_0_8\synth.csv,3_0_8\train.csv,3_0_8\val.csv,3_0_8\test.csv,0.05861748393617083,0.13398266962982563,0.17855942682087944,0.06085381331117656,1.361032558116872,0.14103317764330645,0.40150870967915453,0.09130767063792977,0.24633357080973978,0.07459956850084158,0.3343157736992989
3_1_8,3_1_8\synth.csv,3_1_8\train.csv,3_1_8\val.csv,3_1_8\test.csv,0.06302837988511423,0.14154374891637833,0.10639913460020396,0.06701159208989073,1.3278906633752388,0.1456598337161356,0.41517157682978245,0.08166376557959076,0.22431853633651203,0.07601780037324915,0.34442712043316626
3_2_8,3_2_8\synth.csv,3_2_8\train.csv,3_2_8\val.csv,3_2_8\test.csv,0.06497977204638872,0.14286326195897392,0.13241916648388236,0.06770071275476293,1.073347420062209,0.13453608825133428,0.4291834498098037,0.08571266205026817,0.2175479311479616,0.0887176796707716,0.37534580601314105
3_3_8,3_3_8\synth.csv,3_3_8\train.csv,3_3_8\val.csv,3_3_8\test.csv,-0.005963559567985222,0.14403738191764737,0.14257206655153346,0.07653812620752717,1.4404132335909896,0.13108394135517237,0.36140003439899837,0.08949106528440576,0.2628329164779755,0.07343250646603264,0.34195235245382716
3_4_8,3_4_8\synth.csv,3_4_8\train.csv,3_4_8\val.csv,3_4_8\test.csv,0.08379080567573371,0.13043268542686282,0.1740058571593188,0.06639120732315601,1.2770934495565032,0.13691943933718873,0.41438367054600367,0.09109736562593884,0.23583282005826606,0.07518333350508453,0.37495666807456995
4_0_8,4_0_8\synth.csv,4_0_8\train.csv,4_0_8\val.csv,4_0_8\test.csv,0.06834629989451879,0.13398266962982563,0.1298791092550309,0.05687874023558661,1.5827855665919444,0.14922475880234115,0.42790303611231306,0.09130767063792977,0.24633357080973978,0.0722086181998109,0.36369986646795627
4_1_8,4_1_8\synth.csv,4_1_8\train.csv,4_1_8\val.csv,4_1_8\test.csv,0.07144701442113455,0.14154374891637833,0.10823718406805942,0.060936341675325155,1.4286894771583858,0.1510051153661854,0.41102825662712483,0.08166376557959076,0.22431853633651203,0.08810634604032425,0.35126910338001993
4_2_8,4_2_8\synth.csv,4_2_8\train.csv,4_2_8\val.csv,4_2_8\test.csv,0.07759181806224957,0.14286326195897392,0.10884852285967417,0.050206344999750886,1.1496334761625637,0.14624313137868666,0.40327166718727125,0.08571266205026817,0.2175479311479616,0.10109038837516388,0.3736647007599726
4_3_8,4_3_8\synth.csv,4_3_8\train.csv,4_3_8\val.csv,4_3_8\test.csv,0.04478596776800492,0.14403738191764737,0.12696416602460506,0.057661783937228116,1.55383304348797,0.14729143323149219,0.4016121409721944,0.08949106528440576,0.2628329164779755,0.07762891439462803,0.37562860805091525
4_4_8,4_4_8\synth.csv,4_4_8\train.csv,4_4_8\val.csv,4_4_8\test.csv,0.10510241447047608,0.13043268542686282,0.1428434760537898,0.05686992945752713,1.3498275163867974,0.13559156986486004,0.35018574951056636,0.09109736562593884,0.23583282005826606,0.07629729588790511,0.3565241119787591
5_0_8,5_0_8\synth.csv,5_0_8\train.csv,5_0_8\val.csv,5_0_8\test.csv,0.08317087213922725,0.13398266962982563,0.13087480797131226,0.04012360645221621,1.4632760873312922,0.14712870504943867,0.3945181848437601,0.09130767063792977,0.24633357080973978,0.08567255803683146,0.3417271852021253
5_1_8,5_1_8\synth.csv,5_1_8\train.csv,5_1_8\val.csv,5_1_8\test.csv,0.09442419601809549,0.14154374891637833,0.09956573923782848,0.05563734449781396,1.5161096991327987,0.15367276198122082,0.4284499850436426,0.08166376557959076,0.22431853633651203,0.08046701832173508,0.32228926564025545
5_2_8,5_2_8\synth.csv,5_2_8\train.csv,5_2_8\val.csv,5_2_8\test.csv,0.10816723423829477,0.14286326195897392,0.10919324052533565,0.04652081586906588,1.1967866195897714,0.1320509580511223,0.36703331277204176,0.08571266205026817,0.2175479311479616,0.08177327447003119,0.35245587220573305
5_3_8,5_3_8\synth.csv,5_3_8\train.csv,5_3_8\val.csv,5_3_8\test.csv,0.06764058454564092,0.14403738191764737,0.08905901420279262,0.04933724452955998,1.4293403569581,0.14532751543917327,0.4091938791293462,0.08949106528440576,0.2628329164779755,0.08681896595916444,0.3461665883558105
5_4_8,5_4_8\synth.csv,5_4_8\train.csv,5_4_8\val.csv,5_4_8\test.csv,0.12338534960383396,0.13043268542686282,0.13664867008811157,0.046161007200917585,1.556725540383924,0.13696623001361719,0.3664317786360576,0.09109736562593884,0.23583282005826606,0.07750614674015731,0.3119549993911529
6_0_8,6_0_8\synth.csv,6_0_8\train.csv,6_0_8\val.csv,6_0_8\test.csv,0.10374549251246479,0.13398266962982563,0.09626401948129855,0.029673058097046994,1.31110498913202,0.1471891819602083,0.41180060426813836,0.09130767063792977,0.24633357080973978,0.09306503956564957,0.33145180695389787
6_1_8,6_1_8\synth.csv,6_1_8\train.csv,6_1_8\val.csv,6_1_8\test.csv,0.093616112916174,0.14154374891637833,0.11355380208907928,0.04855915015522238,1.3460350400768748,0.15546192098558656,0.3747343331973432,0.08166376557959076,0.22431853633651203,0.09120059866555641,0.37734500978954577
6_2_8,6_2_8\synth.csv,6_2_8\train.csv,6_2_8\val.csv,6_2_8\test.csv,0.10738461714771685,0.14286326195897392,0.09025084132128836,0.04012523855436801,1.2293897054781444,0.14268198460753562,0.38369085515208545,0.08571266205026817,0.2175479311479616,0.09349905178996781,0.3417693374283992
6_3_8,6_3_8\synth.csv,6_3_8\train.csv,6_3_8\val.csv,6_3_8\test.csv,0.07075959961612399,0.14403738191764737,0.10641109962465319,0.04467419383204929,1.361813135676936,0.1297856650136725,0.42395706778323106,0.08949106528440576,0.2628329164779755,0.08991316536908409,0.3330052411816001
6_4_8,6_4_8\synth.csv,6_4_8\train.csv,6_4_8\val.csv,6_4_8\test.csv,0.1200725398891539,0.13043268542686282,0.1505965557235597,0.03747742355655818,1.487504271221021,0.12556534528414043,0.4079767125120066,0.09109736562593884,0.23583282005826606,0.09440239220947724,0.35379531067991365
7_0_8,7_0_8\synth.csv,7_0_8\train.csv,7_0_8\val.csv,7_0_8\test.csv,0.0983194647862009,0.13398266962982563,0.10770189710561318,0.03046952678327945,1.307079819983293,0.13046092958139738,0.3527009158628205,0.09130767063792977,0.24633357080973978,0.09402627456675372,0.3467674481244969
7_1_8,7_1_8\synth.csv,7_1_8\train.csv,7_1_8\val.csv,7_1_8\test.csv,0.09114391867634242,0.14154374891637833,0.06306317020841329,0.047879504608759796,1.3702807012606057,0.14561808912687238,0.3713197011638263,0.08166376557959076,0.22431853633651203,0.09588427504224695,0.36845955692802057
7_2_8,7_2_8\synth.csv,7_2_8\train.csv,7_2_8\val.csv,7_2_8\test.csv,0.11540642310171167,0.14286326195897392,0.09219239825532098,0.03410551611081879,1.210756887272877,0.15505773134373274,0.4141130620435982,0.08571266205026817,0.2175479311479616,0.08780504778458006,0.3317945364572291
7_3_8,7_3_8\synth.csv,7_3_8\train.csv,7_3_8\val.csv,7_3_8\test.csv,0.0741001396912343,0.14403738191764737,0.10504291249544924,0.04701863311027398,1.2858464393386193,0.14472830179062088,0.40791618549948205,0.08949106528440576,0.2628329164779755,0.08701823256914232,0.3296519833539966
7_4_8,7_4_8\synth.csv,7_4_8\train.csv,7_4_8\val.csv,7_4_8\test.csv,0.1216264609982981,0.13043268542686282,0.15090867032221586,0.03638314291870232,1.3899972542161194,0.14559086923438674,0.4033232918975946,0.09109736562593884,0.23583282005826606,0.0832525404396065,0.37798300744647495
8_0_8,8_0_8\synth.csv,8_0_8\train.csv,8_0_8\val.csv,8_0_8\test.csv,0.11882963798837021,0.13398266962982563,0.1060844532159716,0.027754486210617713,1.3023447932581276,0.14412243816775955,0.3989360210482088,0.09130767063792977,0.24633357080973978,0.1139781420937816,0.36588803617633825
8_1_8,8_1_8\synth.csv,8_1_8\train.csv,8_1_8\val.csv,8_1_8\test.csv,0.10226565369204343,0.14154374891637833,0.049025577892388816,0.036898798005520574,1.4788794861452081,0.16968945130886187,0.3721965346862075,0.08166376557959076,0.22431853633651203,0.10198443565633696,0.3845619958417817
8_2_8,8_2_8\synth.csv,8_2_8\train.csv,8_2_8\val.csv,8_2_8\test.csv,0.11620162616886864,0.14286326195897392,0.09878725980410814,0.028005407273439538,1.181529938450508,0.14610565923130445,0.3694282588530444,0.08571266205026817,0.2175479311479616,0.10456120146517515,0.3474353158872774
8_3_8,8_3_8\synth.csv,8_3_8\train.csv,8_3_8\val.csv,8_3_8\test.csv,0.08843564311533691,0.14403738191764737,0.09630308379208026,0.0382675473605339,1.4172662721616407,0.14434764426849728,0.42176666677352836,0.08949106528440576,0.2628329164779755,0.09331144554495131,0.364119841943471
8_4_8,8_4_8\synth.csv,8_4_8\train.csv,8_4_8\val.csv,8_4_8\test.csv,0.12437763589563644,0.13043268542686282,0.08525063463837557,0.030448175331076105,1.2039648280643542,0.14501846567279109,0.42551688270754345,0.09109736562593884,0.23583282005826606,0.09518049614972698,0.3251146106743282
9_0_8,9_0_8\synth.csv,9_0_8\train.csv,9_0_8\val.csv,9_0_8\test.csv,0.1077099052791961,0.13398266962982563,0.09336875592003319,0.02084507618868179,1.2461084039117694,0.14268110065191097,0.3365925707283657,0.09130767063792977,0.24633357080973978,0.1106017871814317,0.3373269618307336
9_1_8,9_1_8\synth.csv,9_1_8\train.csv,9_1_8\val.csv,9_1_8\test.csv,0.11801268581330737,0.14154374891637833,0.07079643152454092,0.03346963700630335,1.4751710089479264,0.14396595949822064,0.3979632407677713,0.08166376557959076,0.22431853633651203,0.10190982467907064,0.33480862716612975
9_2_8,9_2_8\synth.csv,9_2_8\train.csv,9_2_8\val.csv,9_2_8\test.csv,0.1131322639232516,0.14286326195897392,0.06833196414122984,0.022091401194589244,1.0613475038186766,0.13949388881932556,0.3835228800660111,0.08571266205026817,0.2175479311479616,0.11814394365554849,0.34265478664947424
9_3_8,9_3_8\synth.csv,9_3_8\train.csv,9_3_8\val.csv,9_3_8\test.csv,0.10312839074763602,0.14403738191764737,0.07115424864489293,0.036681331516712455,1.412518507413731,0.14876885677429796,0.4033269696984913,0.08949106528440576,0.2628329164779755,0.10234656340745749,0.36930971114042593
9_4_8,9_4_8\synth.csv,9_4_8\train.csv,9_4_8\val.csv,9_4_8\test.csv,0.11774409841656741,0.13043268542686282,0.07032085945573256,0.028310299321117418,1.205548931681224,0.1328938557943039,0.3578997409760991,0.09109736562593884,0.23583282005826606,0.11969046419919686,0.3579436707107678
0_0_9,0_0_9\synth.csv,0_0_9\train.csv,0_0_9\val.csv,0_0_9\test.csv,-0.20289954655115428,0.13398266962982563,0.23736950521548186,0.11163146177194079,2.171669960811768,0.14402693650147802,0.5051196965563307,0.09130767063792977,0.24633357080973978,0.07467871905027187,0.34789106857007757
0_1_9,0_1_9\synth.csv,0_1_9\train.csv,0_1_9\val.csv,0_1_9\test.csv,-0.15394068807302408,0.14154374891637833,0.2259323170587786,0.12511070129704333,2.2074037967548334,0.15109630283694858,0.4563022025382809,0.08166376557959076,0.22431853633651203,0.07701814373906346,0.3622401126415776
0_2_9,0_2_9\synth.csv,0_2_9\train.csv,0_2_9\val.csv,0_2_9\test.csv,-0.26178053359483267,0.14286326195897392,0.23512330032392015,0.11461784653441878,1.986210647369408,0.1352530754642287,0.4210891596107171,0.08571266205026817,0.2175479311479616,0.07198188586555235,0.37818266420280916
0_3_9,0_3_9\synth.csv,0_3_9\train.csv,0_3_9\val.csv,0_3_9\test.csv,-0.22165051404034264,0.14403738191764737,0.26698587419587994,0.11055395049857103,2.1311395359008425,0.12781529421353882,0.5306979481920352,0.08949106528440576,0.2628329164779755,0.06728551528364772,0.3301434211976746
0_4_9,0_4_9\synth.csv,0_4_9\train.csv,0_4_9\val.csv,0_4_9\test.csv,-0.21982453777415722,0.13043268542686282,0.2168832920014813,0.11077017613396455,2.264855320095352,0.1243225329135029,0.494691004158353,0.09109736562593884,0.23583282005826606,0.07080249259579381,0.34674442477966394
1_0_9,1_0_9\synth.csv,1_0_9\train.csv,1_0_9\val.csv,1_0_9\test.csv,0.10503522190900838,0.13398266962982563,0.16784048180899389,0.08152898726925757,1.5651414295368848,0.148434775083497,0.5196575641974508,0.09130767063792977,0.24633357080973978,0.07209046934406188,0.3431292291882911
1_1_9,1_1_9\synth.csv,1_1_9\train.csv,1_1_9\val.csv,1_1_9\test.csv,-0.13383310344726485,0.14154374891637833,0.23809809774573565,0.10518130917753861,1.3795996889259254,0.15550954950211193,0.5296769510740238,0.08166376557959076,0.22431853633651203,0.10160868358643649,0.36922559005080957
1_2_9,1_2_9\synth.csv,1_2_9\train.csv,1_2_9\val.csv,1_2_9\test.csv,0.034382390522523454,0.14286326195897392,0.18166722407221172,0.08347161997282164,1.1714255433572927,0.14191978668450225,0.44524649661095705,0.08571266205026817,0.2175479311479616,0.07263353563082023,0.39126685213913337
1_3_9,1_3_9\synth.csv,1_3_9\train.csv,1_3_9\val.csv,1_3_9\test.csv,0.033907480750238306,0.14403738191764737,0.14813109563374852,0.10018966916004513,1.7296727667649703,0.13844044193716043,0.49849471486936425,0.08949106528440576,0.2628329164779755,0.0628407533887187,0.3284668274041038
1_4_9,1_4_9\synth.csv,1_4_9\train.csv,1_4_9\val.csv,1_4_9\test.csv,0.14266200343375335,0.13043268542686282,0.12708610433179013,0.08513634195337821,1.3725250051722009,0.14854843690301595,0.49089452747132467,0.09109736562593884,0.23583282005826606,0.06924920757573437,0.3773519832323962
2_0_9,2_0_9\synth.csv,2_0_9\train.csv,2_0_9\val.csv,2_0_9\test.csv,0.03401531235196997,0.13398266962982563,0.1699416785462231,0.0811067594776105,1.1811343215100556,0.14564341742482834,0.46958118533267457,0.09130767063792977,0.24633357080973978,0.07162079933904791,0.36490500693902883
2_1_9,2_1_9\synth.csv,2_1_9\train.csv,2_1_9\val.csv,2_1_9\test.csv,0.059447313982112004,0.14154374891637833,0.14772843638255376,0.07511885720928452,1.1801072851641055,0.12770045184079779,0.42429140236428114,0.08166376557959076,0.22431853633651203,0.09105706211054475,0.35803884623145155
2_2_9,2_2_9\synth.csv,2_2_9\train.csv,2_2_9\val.csv,2_2_9\test.csv,0.134328425824927,0.14286326195897392,0.09845604132442909,0.06910334769078882,1.3051859825392818,0.13153357027759902,0.42768900074173033,0.08571266205026817,0.2175479311479616,0.09158627785271956,0.3574177793899852
2_3_9,2_3_9\synth.csv,2_3_9\train.csv,2_3_9\val.csv,2_3_9\test.csv,0.025259261559768764,0.14403738191764737,0.14807926300202426,0.08418644755228044,1.682095773032651,0.14752732638076138,0.4383004184703267,0.08949106528440576,0.2628329164779755,0.0662821549519852,0.3513832957095921
2_4_9,2_4_9\synth.csv,2_4_9\train.csv,2_4_9\val.csv,2_4_9\test.csv,0.08399614368924846,0.13043268542686282,0.1587450266286262,0.07605111700361024,1.1568467834296141,0.14955210935751256,0.4717372245318001,0.09109736562593884,0.23583282005826606,0.07363088518966687,0.33266487334962874
3_0_9,3_0_9\synth.csv,3_0_9\train.csv,3_0_9\val.csv,3_0_9\test.csv,0.04550149100580325,0.13398266962982563,0.17406530309595017,0.06601801421030941,1.2534676688199453,0.1456658395280466,0.42665400365177025,0.09130767063792977,0.24633357080973978,0.07873578683377214,0.36834477837830426
3_1_9,3_1_9\synth.csv,3_1_9\train.csv,3_1_9\val.csv,3_1_9\test.csv,0.06714721135966029,0.14154374891637833,0.10516537877472727,0.07070786567697508,1.3000323147965755,0.14790203957922432,0.37423033744216494,0.08166376557959076,0.22431853633651203,0.07949227624575861,0.33070508246109553
3_2_9,3_2_9\synth.csv,3_2_9\train.csv,3_2_9\val.csv,3_2_9\test.csv,0.08665361245439962,0.14286326195897392,0.10530332547693562,0.06774125396995653,1.149527431547973,0.13559629513393953,0.40489789798630144,0.08571266205026817,0.2175479311479616,0.08869969352811297,0.36188618671131784
3_3_9,3_3_9\synth.csv,3_3_9\train.csv,3_3_9\val.csv,3_3_9\test.csv,0.01628358183542733,0.14403738191764737,0.1478058663711025,0.07980826975759016,1.5142858332844693,0.1371223181857302,0.4616885557908815,0.08949106528440576,0.2628329164779755,0.07726470136591179,0.3931949251971705
3_4_9,3_4_9\synth.csv,3_4_9\train.csv,3_4_9\val.csv,3_4_9\test.csv,0.10061874919014469,0.13043268542686282,0.16638280270120046,0.06350573654540427,1.3206213119580041,0.1407223711835403,0.428875704825853,0.09109736562593884,0.23583282005826606,0.07633199114363722,0.38060233607272964
4_0_9,4_0_9\synth.csv,4_0_9\train.csv,4_0_9\val.csv,4_0_9\test.csv,0.06937687145744897,0.13398266962982563,0.1287427809600942,0.06155584509454989,1.5710199544043046,0.14442272774802883,0.45262775527053317,0.09130767063792977,0.24633357080973978,0.07252892307086198,0.3299952022122119
4_1_9,4_1_9\synth.csv,4_1_9\train.csv,4_1_9\val.csv,4_1_9\test.csv,0.07365488401403197,0.14154374891637833,0.10968113416594626,0.06269918693835824,1.4656608623759477,0.14997343376697797,0.3969765526984277,0.08166376557959076,0.22431853633651203,0.09638098705994935,0.34617452433094
4_2_9,4_2_9\synth.csv,4_2_9\train.csv,4_2_9\val.csv,4_2_9\test.csv,0.09707095037825486,0.14286326195897392,0.11315901882737278,0.051401585623370445,1.1232819626306487,0.14005776426193833,0.3760332476160708,0.08571266205026817,0.2175479311479616,0.08952043392986148,0.35319462742376695
4_3_9,4_3_9\synth.csv,4_3_9\train.csv,4_3_9\val.csv,4_3_9\test.csv,0.03948535296562283,0.14403738191764737,0.11665416759576852,0.05878601918286233,1.6874368042221466,0.14873911479786273,0.45054219490877656,0.08949106528440576,0.2628329164779755,0.07876732290033954,0.35380415266082044
4_4_9,4_4_9\synth.csv,4_4_9\train.csv,4_4_9\val.csv,4_4_9\test.csv,0.10694144332561994,0.13043268542686282,0.13386486048150417,0.05533921452748909,1.3636109068724773,0.13994982508232676,0.42439383199009423,0.09109736562593884,0.23583282005826606,0.0806750081486462,0.3432467515982227
5_0_9,5_0_9\synth.csv,5_0_9\train.csv,5_0_9\val.csv,5_0_9\test.csv,0.08101676674545688,0.13398266962982563,0.1216432875214487,0.043601762624129535,1.4275413069303047,0.1388244782459712,0.4211198558001233,0.09130767063792977,0.24633357080973978,0.08280897966131896,0.37627072584868704
5_1_9,5_1_9\synth.csv,5_1_9\train.csv,5_1_9\val.csv,5_1_9\test.csv,0.09041271941606244,0.14154374891637833,0.09177610051090841,0.05931989750435125,1.4997254191720395,0.14933912958929046,0.3953897845350256,0.08166376557959076,0.22431853633651203,0.0911570404365854,0.35637563689568813
5_2_9,5_2_9\synth.csv,5_2_9\train.csv,5_2_9\val.csv,5_2_9\test.csv,0.11275656761016961,0.14286326195897392,0.09908407601681962,0.046959671068878085,1.2022578291439734,0.14892533366563387,0.3848518899756741,0.08571266205026817,0.2175479311479616,0.08783151865892858,0.2906344679456062
5_3_9,5_3_9\synth.csv,5_3_9\train.csv,5_3_9\val.csv,5_3_9\test.csv,0.0764694526411065,0.14403738191764737,0.09860045856721315,0.04878132656214082,1.4857298787763649,0.1464875255827524,0.40311008727219644,0.08949106528440576,0.2628329164779755,0.08026291371301322,0.3827404851321299
5_4_9,5_4_9\synth.csv,5_4_9\train.csv,5_4_9\val.csv,5_4_9\test.csv,0.12097681554665785,0.13043268542686282,0.13428965371863114,0.04351764927535718,1.493659759068319,0.14706727063582556,0.42367914025948816,0.09109736562593884,0.23583282005826606,0.08039498291832327,0.33804620341031955
6_0_9,6_0_9\synth.csv,6_0_9\train.csv,6_0_9\val.csv,6_0_9\test.csv,0.09635798011981622,0.13398266962982563,0.08980590448810037,0.03465167144798988,1.2654178424991143,0.14040969099512135,0.3943466728391387,0.09130767063792977,0.24633357080973978,0.08040413001603466,0.3633107136736378
6_1_9,6_1_9\synth.csv,6_1_9\train.csv,6_1_9\val.csv,6_1_9\test.csv,0.09536296408628597,0.14154374891637833,0.0991303769452251,0.05067370201243839,1.4042999907490428,0.15534127108891996,0.4139251926615581,0.08166376557959076,0.22431853633651203,0.09039254772385096,0.38691860187022303
6_2_9,6_2_9\synth.csv,6_2_9\train.csv,6_2_9\val.csv,6_2_9\test.csv,0.11836557702265238,0.14286326195897392,0.09111813870638914,0.03998322902262786,1.1572664303627271,0.14118906500154926,0.3640055932827027,0.08571266205026817,0.2175479311479616,0.09703738989713825,0.3449547799450004
6_3_9,6_3_9\synth.csv,6_3_9\train.csv,6_3_9\val.csv,6_3_9\test.csv,0.08464915981515564,0.14403738191764737,0.09986249317310171,0.04392549401892622,1.4031794484495084,0.13779013582303526,0.41804462998559455,0.08949106528440576,0.2628329164779755,0.08897452196440206,0.360131128068783
6_4_9,6_4_9\synth.csv,6_4_9\train.csv,6_4_9\val.csv,6_4_9\test.csv,0.11909877461417195,0.13043268542686282,0.14605996756455727,0.03845856003682533,1.456482561136832,0.1504495280652059,0.36037157873294073,0.09109736562593884,0.23583282005826606,0.0863814694617811,0.3537453753089508
7_0_9,7_0_9\synth.csv,7_0_9\train.csv,7_0_9\val.csv,7_0_9\test.csv,0.09887238806545373,0.13398266962982563,0.10330252273826483,0.03272788207955275,1.2486866769191727,0.14767870347968498,0.41594239346757306,0.09130767063792977,0.24633357080973978,0.08775313479748015,0.3265831491691422
7_1_9,7_1_9\synth.csv,7_1_9\train.csv,7_1_9\val.csv,7_1_9\test.csv,0.10705048975321452,0.14154374891637833,0.05306099670733236,0.051890824355828875,1.3904508979719366,0.1417184305894872,0.38225851766495317,0.08166376557959076,0.22431853633651203,0.10676122912417707,0.3542326696951583
7_2_9,7_2_9\synth.csv,7_2_9\train.csv,7_2_9\val.csv,7_2_9\test.csv,0.11779616473721677,0.14286326195897392,0.08692514020819375,0.03365204353087878,1.1004949551768344,0.14754272839163002,0.39598951415798844,0.08571266205026817,0.2175479311479616,0.11495532544909234,0.3934086596541157
7_3_9,7_3_9\synth.csv,7_3_9\train.csv,7_3_9\val.csv,7_3_9\test.csv,0.07743343311756579,0.14403738191764737,0.10663097319260444,0.04736629572751107,1.3991729223749756,0.14353734330789333,0.42079243535929245,0.08949106528440576,0.2628329164779755,0.08598425848859408,0.3237609057882958
7_4_9,7_4_9\synth.csv,7_4_9\train.csv,7_4_9\val.csv,7_4_9\test.csv,0.11835262178994599,0.13043268542686282,0.1301170994352717,0.035895386667912435,1.376225204126067,0.13499720969936874,0.35874314472501295,0.09109736562593884,0.23583282005826606,0.08175858045545642,0.34745322098552406
8_0_9,8_0_9\synth.csv,8_0_9\train.csv,8_0_9\val.csv,8_0_9\test.csv,0.09727522811350031,0.13398266962982563,0.10529679086884998,0.02848326384131625,1.2594031707375175,0.1493447507351724,0.4022226328721331,0.09130767063792977,0.24633357080973978,0.09260992524552333,0.3552875886215599
8_1_9,8_1_9\synth.csv,8_1_9\train.csv,8_1_9\val.csv,8_1_9\test.csv,0.10984591564923152,0.14154374891637833,0.0504028351482838,0.04190324196554437,1.479995021863481,0.16528824648160634,0.3884158739078091,0.08166376557959076,0.22431853633651203,0.09332890131683148,0.3764594019281859
8_2_9,8_2_9\synth.csv,8_2_9\train.csv,8_2_9\val.csv,8_2_9\test.csv,0.11223340277319727,0.14286326195897392,0.08505720605988353,0.030486885638251263,1.152794723793985,0.15190504216326592,0.39304291491642174,0.08571266205026817,0.2175479311479616,0.10961150286700862,0.32400437975869306
8_3_9,8_3_9\synth.csv,8_3_9\train.csv,8_3_9\val.csv,8_3_9\test.csv,0.09072390863843827,0.14403738191764737,0.0829963840055911,0.0385967767582862,1.4724782934917975,0.15089205598483219,0.4181914894038693,0.08949106528440576,0.2628329164779755,0.0866304343351617,0.3409456906104019
8_4_9,8_4_9\synth.csv,8_4_9\train.csv,8_4_9\val.csv,8_4_9\test.csv,0.11798839453299992,0.13043268542686282,0.06082192897226359,0.033663569634260565,1.167538474541396,0.1396592134247096,0.37807614605581763,0.09109736562593884,0.23583282005826606,0.09760448112776729,0.33366431422748966
9_0_9,9_0_9\synth.csv,9_0_9\train.csv,9_0_9\val.csv,9_0_9\test.csv,0.11061478105282896,0.13398266962982563,0.09641322267451426,0.017888728695792798,1.1745764651937356,0.1406140337029977,0.37730138791096957,0.09130767063792977,0.24633357080973978,0.08795858141684126,0.35728828074991936
9_1_9,9_1_9\synth.csv,9_1_9\train.csv,9_1_9\val.csv,9_1_9\test.csv,0.11429034761942991,0.14154374891637833,0.08547475995360614,0.03735820277956172,1.5112978548168423,0.15660404854708052,0.3618266118514061,0.08166376557959076,0.22431853633651203,0.10266595567964473,0.3609561748085749
9_2_9,9_2_9\synth.csv,9_2_9\train.csv,9_2_9\val.csv,9_2_9\test.csv,0.11610121473212154,0.14286326195897392,0.07971478385267682,0.02385603357850486,1.1266892292214663,0.14232562183746247,0.3645632488550525,0.08571266205026817,0.2175479311479616,0.10513894291885492,0.3329881456930224
9_3_9,9_3_9\synth.csv,9_3_9\train.csv,9_3_9\val.csv,9_3_9\test.csv,0.09779433425631245,0.14403738191764737,0.06825339945676044,0.03636464724438405,1.4570366530942953,0.1538309040895133,0.38278650898477673,0.08949106528440576,0.2628329164779755,0.09635783092935846,0.3467061113164893
9_4_9,9_4_9\synth.csv,9_4_9\train.csv,9_4_9\val.csv,9_4_9\test.csv,0.11615586967636715,0.13043268542686282,0.04501166156671097,0.028038264724408804,1.2424178454844494,0.14613399971139013,0.3708686719123648,0.09109736562593884,0.23583282005826606,0.10005904046516893,0.31450329690120393
0_0_10,0_0_10\synth.csv,0_0_10\train.csv,0_0_10\val.csv,0_0_10\test.csv,-0.1961222254423549,0.13398266962982563,0.22813712305676437,0.10946307834673617,2.1491965734221097,0.1448084254046576,0.5055319208399658,0.09130767063792977,0.24633357080973978,0.08038347023532877,0.3724502866743748
0_1_10,0_1_10\synth.csv,0_1_10\train.csv,0_1_10\val.csv,0_1_10\test.csv,-0.17443377807678084,0.14154374891637833,0.23147207295058006,0.12480918424987678,2.22784234256576,0.1408184223179739,0.5221408050027997,0.08166376557959076,0.22431853633651203,0.07221826172065042,0.34518271725376715
0_2_10,0_2_10\synth.csv,0_2_10\train.csv,0_2_10\val.csv,0_2_10\test.csv,-0.2714418099584701,0.14286326195897392,0.2335037932748166,0.11427505094289346,1.9951564072361672,0.13603300770060822,0.5577819164010537,0.08571266205026817,0.2175479311479616,0.07850876489658783,0.37564609546703764
0_3_10,0_3_10\synth.csv,0_3_10\train.csv,0_3_10\val.csv,0_3_10\test.csv,-0.23586406867093324,0.14403738191764737,0.2573796037472575,0.11130306997694246,2.1262153819499607,0.13084481685781574,0.48516773015414383,0.08949106528440576,0.2628329164779755,0.0726966938741944,0.3469266895525017
0_4_10,0_4_10\synth.csv,0_4_10\train.csv,0_4_10\val.csv,0_4_10\test.csv,-0.22347199195887857,0.13043268542686282,0.21664165248755332,0.11021429024245738,2.2772127014477546,0.14133299442043412,0.5180450153791312,0.09109736562593884,0.23583282005826606,0.07107457127826636,0.3396320667742896
1_0_10,1_0_10\synth.csv,1_0_10\train.csv,1_0_10\val.csv,1_0_10\test.csv,0.10374403406857169,0.13398266962982563,0.1635683483514615,0.08005988952247342,1.6245575002818788,0.14723982063174657,0.5270041119096551,0.09130767063792977,0.24633357080973978,0.06979135327448575,0.350324181025056
1_1_10,1_1_10\synth.csv,1_1_10\train.csv,1_1_10\val.csv,1_1_10\test.csv,-0.16389104279739053,0.14154374891637833,0.24338139435097772,0.10537366634385507,1.4821305059019292,0.15337337934547027,0.4949705252384474,0.08166376557959076,0.22431853633651203,0.08720367867242043,0.3325632294012884
1_2_10,1_2_10\synth.csv,1_2_10\train.csv,1_2_10\val.csv,1_2_10\test.csv,0.0036819761911166538,0.14286326195897392,0.1845263193616591,0.0850651798999723,1.164717330225697,0.1412113314978385,0.49367794699596523,0.08571266205026817,0.2175479311479616,0.07101975041650484,0.35350585833697257
1_3_10,1_3_10\synth.csv,1_3_10\train.csv,1_3_10\val.csv,1_3_10\test.csv,0.06343755463919165,0.14403738191764737,0.1476666882647555,0.09061162599547347,1.7860242168388223,0.15495841763384832,0.4224051704185962,0.08949106528440576,0.2628329164779755,0.061147800977347413,0.3187381923787317
1_4_10,1_4_10\synth.csv,1_4_10\train.csv,1_4_10\val.csv,1_4_10\test.csv,0.1325258259561788,0.13043268542686282,0.1260987628001481,0.08367509631252502,1.4326708132064416,0.14952521865687685,0.48230209853706596,0.09109736562593884,0.23583282005826606,0.06211145858244657,0.34732027101474094
2_0_10,2_0_10\synth.csv,2_0_10\train.csv,2_0_10\val.csv,2_0_10\test.csv,0.07644047763185846,0.13398266962982563,0.17172276345241033,0.07521981077541248,1.2547528907361365,0.1505932636029117,0.5146490248360416,0.09130767063792977,0.24633357080973978,0.07396122861868387,0.39842588325852213
2_1_10,2_1_10\synth.csv,2_1_10\train.csv,2_1_10\val.csv,2_1_10\test.csv,0.05909999477864769,0.14154374891637833,0.1397145064558155,0.07525078244808424,1.282011979503344,0.14749248445588853,0.4613634879801851,0.08166376557959076,0.22431853633651203,0.08284046599646294,0.36863826726019494
2_2_10,2_2_10\synth.csv,2_2_10\train.csv,2_2_10\val.csv,2_2_10\test.csv,0.09555613063962631,0.14286326195897392,0.1153085070262736,0.07069849205435039,1.2488654565833388,0.1208287055779557,0.4227468364346424,0.08571266205026817,0.2175479311479616,0.0825112840166768,0.34026839027648337
2_3_10,2_3_10\synth.csv,2_3_10\train.csv,2_3_10\val.csv,2_3_10\test.csv,0.03845899149747434,0.14403738191764737,0.13456877851579105,0.07803735029601575,1.6582601168383733,0.1533402897503901,0.4237928922018416,0.08949106528440576,0.2628329164779755,0.06969791707634512,0.3751437248860669
2_4_10,2_4_10\synth.csv,2_4_10\train.csv,2_4_10\val.csv,2_4_10\test.csv,0.07477038784681533,0.13043268542686282,0.15915661466507638,0.07824620528638601,1.1933322430056228,0.13738449138925168,0.4056308133112685,0.09109736562593884,0.23583282005826606,0.0677916431083735,0.35645990320702764
3_0_10,3_0_10\synth.csv,3_0_10\train.csv,3_0_10\val.csv,3_0_10\test.csv,0.054077589739594645,0.13398266962982563,0.17293131369956058,0.06345565148167244,1.2951539975784865,0.14657506727930694,0.3693194862762159,0.09130767063792977,0.24633357080973978,0.0810865121439216,0.36768749453098637
3_1_10,3_1_10\synth.csv,3_1_10\train.csv,3_1_10\val.csv,3_1_10\test.csv,0.057764001185846015,0.14154374891637833,0.10957625734370469,0.06753678547114676,1.357399678124254,0.159802319203671,0.3999406928526197,0.08166376557959076,0.22431853633651203,0.0827806728370514,0.3594115152594647
3_2_10,3_2_10\synth.csv,3_2_10\train.csv,3_2_10\val.csv,3_2_10\test.csv,0.05220794418892427,0.14286326195897392,0.11613239235590693,0.06772907125463967,1.0832475600316755,0.13415030993497043,0.4249954870451763,0.08571266205026817,0.2175479311479616,0.08953689503522722,0.3515525286831825
3_3_10,3_3_10\synth.csv,3_3_10\train.csv,3_3_10\val.csv,3_3_10\test.csv,0.023160533165341612,0.14403738191764737,0.13197399177882718,0.07847950011534714,1.4405827401001585,0.14362449560589613,0.45885048710624954,0.08949106528440576,0.2628329164779755,0.07514682014289649,0.3571553327710286
3_4_10,3_4_10\synth.csv,3_4_10\train.csv,3_4_10\val.csv,3_4_10\test.csv,0.08881746065043461,0.13043268542686282,0.17236405462838844,0.06823280557678496,1.2716218485800102,0.12968464580275163,0.3973657703653419,0.09109736562593884,0.23583282005826606,0.07220278688603066,0.3287587075687043
4_0_10,4_0_10\synth.csv,4_0_10\train.csv,4_0_10\val.csv,4_0_10\test.csv,0.062074623293215225,0.13398266962982563,0.1171333885399235,0.0581919713824601,1.4909807012552199,0.13552062597606582,0.4087619169328724,0.09130767063792977,0.24633357080973978,0.08246975420269922,0.37210041229263735
4_1_10,4_1_10\synth.csv,4_1_10\train.csv,4_1_10\val.csv,4_1_10\test.csv,0.06667535816921255,0.14154374891637833,0.11035327182211536,0.05964510702891529,1.5277124465507002,0.15543312858912628,0.4178010002243496,0.08166376557959076,0.22431853633651203,0.07803580557142217,0.36430343230459183
4_2_10,4_2_10\synth.csv,4_2_10\train.csv,4_2_10\val.csv,4_2_10\test.csv,0.11123007902378268,0.14286326195897392,0.11579833436466773,0.05041349631094399,1.1897848949802299,0.14850236756340207,0.37252834813564245,0.08571266205026817,0.2175479311479616,0.08555494946167483,0.41228119634319355
4_3_10,4_3_10\synth.csv,4_3_10\train.csv,4_3_10\val.csv,4_3_10\test.csv,0.04647231780209615,0.14403738191764737,0.12798358382767233,0.06096194294052693,1.6241582061827426,0.13863163101063286,0.40550618391165405,0.08949106528440576,0.2628329164779755,0.06986994222721248,0.3485576345157104
4_4_10,4_4_10\synth.csv,4_4_10\train.csv,4_4_10\val.csv,4_4_10\test.csv,0.10107811115719723,0.13043268542686282,0.14749152129158508,0.05938194295916892,1.3221536181482183,0.14242682083539004,0.3698464393444224,0.09109736562593884,0.23583282005826606,0.07467351949815829,0.350091163842866
5_0_10,5_0_10\synth.csv,5_0_10\train.csv,5_0_10\val.csv,5_0_10\test.csv,0.08008212091596778,0.13398266962982563,0.12395101676880525,0.040027287071070686,1.3747744319389719,0.13911187082640303,0.4455289990189033,0.09130767063792977,0.24633357080973978,0.07990512389880251,0.3626317030695041
5_1_10,5_1_10\synth.csv,5_1_10\train.csv,5_1_10\val.csv,5_1_10\test.csv,0.08879752757805948,0.14154374891637833,0.1110726367607614,0.05192635407513617,1.4943823564420722,0.14156390287732912,0.38341957438313273,0.08166376557959076,0.22431853633651203,0.07664673335332288,0.36881671855163156
5_2_10,5_2_10\synth.csv,5_2_10\train.csv,5_2_10\val.csv,5_2_10\test.csv,0.11779945326914154,0.14286326195897392,0.1104474267460804,0.04809261705813604,1.2157253886063655,0.1298320115909588,0.38831232716375697,0.08571266205026817,0.2175479311479616,0.08236665409874319,0.31605627687644794
5_3_10,5_3_10\synth.csv,5_3_10\train.csv,5_3_10\val.csv,5_3_10\test.csv,0.07486634213361254,0.14403738191764737,0.08751878646392557,0.05112796620932963,1.3895422784645326,0.13326398208171614,0.4071792131893217,0.08949106528440576,0.2628329164779755,0.09528852778416894,0.37806125742631114
5_4_10,5_4_10\synth.csv,5_4_10\train.csv,5_4_10\val.csv,5_4_10\test.csv,0.12965047771284666,0.13043268542686282,0.13919273781036792,0.04946913763382144,1.4625186867771978,0.13412196915855037,0.3390403603480112,0.09109736562593884,0.23583282005826606,0.08195480270504771,0.3608552503077019
6_0_10,6_0_10\synth.csv,6_0_10\train.csv,6_0_10\val.csv,6_0_10\test.csv,0.08750812255939089,0.13398266962982563,0.09284119346252068,0.03170514878869914,1.2721915426933983,0.14781399839988385,0.42841731209941214,0.09130767063792977,0.24633357080973978,0.10951585429480709,0.3568684937499735
6_1_10,6_1_10\synth.csv,6_1_10\train.csv,6_1_10\val.csv,6_1_10\test.csv,0.09304305838312221,0.14154374891637833,0.10560028488842697,0.04592242840005185,1.3972275243438979,0.15663130434274491,0.383958146492142,0.08166376557959076,0.22431853633651203,0.08265218817984794,0.3347646228013884
6_2_10,6_2_10\synth.csv,6_2_10\train.csv,6_2_10\val.csv,6_2_10\test.csv,0.11096760647467452,0.14286326195897392,0.09782267017604816,0.041652781040519005,1.1128644046495821,0.13815251083823882,0.3761597725642583,0.08571266205026817,0.2175479311479616,0.09269892383888223,0.39609172978043794
6_3_10,6_3_10\synth.csv,6_3_10\train.csv,6_3_10\val.csv,6_3_10\test.csv,0.08530559933508253,0.14403738191764737,0.09212869413544315,0.04604518747658023,1.387387436512327,0.13018714640050477,0.3906817143772029,0.08949106528440576,0.2628329164779755,0.08679986915034542,0.31458002913095706
6_4_10,6_4_10\synth.csv,6_4_10\train.csv,6_4_10\val.csv,6_4_10\test.csv,0.12600675192523902,0.13043268542686282,0.1552006188561815,0.0408105031170997,1.3992355194012183,0.14206219060266112,0.42332185071232603,0.09109736562593884,0.23583282005826606,0.08580919065238586,0.37403366548984096
7_0_10,7_0_10\synth.csv,7_0_10\train.csv,7_0_10\val.csv,7_0_10\test.csv,0.08647496890125428,0.13398266962982563,0.110873553681957,0.02865689790851456,1.1781905618444073,0.14563861245241175,0.3686487203774974,0.09130767063792977,0.24633357080973978,0.11390624273151832,0.3847186737495779
7_1_10,7_1_10\synth.csv,7_1_10\train.csv,7_1_10\val.csv,7_1_10\test.csv,0.09828909611148817,0.14154374891637833,0.06875760449581364,0.04398156302121653,1.4828949966393512,0.1564860998442277,0.4049769739423179,0.08166376557959076,0.22431853633651203,0.09215036030514959,0.34395564715171656
7_2_10,7_2_10\synth.csv,7_2_10\train.csv,7_2_10\val.csv,7_2_10\test.csv,0.1237394736257833,0.14286326195897392,0.09945835501605617,0.03430911453396561,1.1181831718972628,0.1420858538353027,0.33030788819170603,0.08571266205026817,0.2175479311479616,0.08404085515609666,0.37504686810442345
7_3_10,7_3_10\synth.csv,7_3_10\train.csv,7_3_10\val.csv,7_3_10\test.csv,0.08065390670240158,0.14403738191764737,0.11119490856406293,0.048464617962028646,1.3333337020764893,0.15016474171626104,0.40309494618098585,0.08949106528440576,0.2628329164779755,0.09374471139559118,0.35080912183668145
7_4_10,7_4_10\synth.csv,7_4_10\train.csv,7_4_10\val.csv,7_4_10\test.csv,0.12233853932979577,0.13043268542686282,0.14916244456103908,0.03803610308520182,1.3325676540306923,0.14637758202169926,0.41539311393017275,0.09109736562593884,0.23583282005826606,0.08011858135099392,0.30936997662074595
8_0_10,8_0_10\synth.csv,8_0_10\train.csv,8_0_10\val.csv,8_0_10\test.csv,0.0960452238128836,0.13398266962982563,0.10118506311881185,0.02812023039661656,1.2540765730255339,0.1541337493567727,0.4185022823112924,0.09130767063792977,0.24633357080973978,0.10104258562223078,0.33853941306722757
8_1_10,8_1_10\synth.csv,8_1_10\train.csv,8_1_10\val.csv,8_1_10\test.csv,0.08832341637153784,0.14154374891637833,0.05420611649841015,0.03695977238362012,1.5325718517953089,0.15735163607871303,0.3918596165495951,0.08166376557959076,0.22431853633651203,0.08266056500474371,0.3654918238493897
8_2_10,8_2_10\synth.csv,8_2_10\train.csv,8_2_10\val.csv,8_2_10\test.csv,0.11757320606504884,0.14286326195897392,0.09020190971298526,0.02761569610395076,1.0525505770372023,0.1481082379013614,0.36117972385306657,0.08571266205026817,0.2175479311479616,0.09911845484098505,0.35106662905108044
8_3_10,8_3_10\synth.csv,8_3_10\train.csv,8_3_10\val.csv,8_3_10\test.csv,0.08784088220145603,0.14403738191764737,0.092059895549567,0.040050897603287235,1.4104949163593143,0.12925641602523424,0.4063752207950215,0.08949106528440576,0.2628329164779755,0.08833552799596589,0.33975812804581595
8_4_10,8_4_10\synth.csv,8_4_10\train.csv,8_4_10\val.csv,8_4_10\test.csv,0.11943919719954599,0.13043268542686282,0.07176964896310696,0.030690100598159503,1.1502142178611527,0.1471582682756944,0.4046450203704548,0.09109736562593884,0.23583282005826606,0.08232812225184413,0.31680226832450914
9_0_10,9_0_10\synth.csv,9_0_10\train.csv,9_0_10\val.csv,9_0_10\test.csv,0.10804715845366253,0.13398266962982563,0.09152012668183762,0.018836241012527954,1.1434310024977432,0.1456205235535432,0.3596984692233858,0.09130767063792977,0.24633357080973978,0.10589668320937176,0.3648103999830895
9_1_10,9_1_10\synth.csv,9_1_10\train.csv,9_1_10\val.csv,9_1_10\test.csv,0.1119979522547423,0.14154374891637833,0.07267530536392104,0.03323801856011825,1.5106308113355669,0.164982935496494,0.410461358694854,0.08166376557959076,0.22431853633651203,0.0912504024989402,0.34364968633710624
9_2_10,9_2_10\synth.csv,9_2_10\train.csv,9_2_10\val.csv,9_2_10\test.csv,0.1183252801834157,0.14286326195897392,0.061605747767796364,0.018538318356051728,0.9983621574023371,0.14187156365289955,0.38819036779140237,0.08571266205026817,0.2175479311479616,0.11399525239496366,0.35585465575681774
9_3_10,9_3_10\synth.csv,9_3_10\train.csv,9_3_10\val.csv,9_3_10\test.csv,0.10147142517382168,0.14403738191764737,0.08048063143277993,0.038245330549300724,1.4165588083672416,0.13443962133851334,0.39108205193257084,0.08949106528440576,0.2628329164779755,0.09394426123194781,0.3403424332884287
9_4_10,9_4_10\synth.csv,9_4_10\train.csv,9_4_10\val.csv,9_4_10\test.csv,0.1237377231501966,0.13043268542686282,0.06221394134296545,0.02660822695013058,1.164298685871091,0.15016709125757902,0.39726656545527217,0.09109736562593884,0.23583282005826606,0.10406005369771652,0.35789317675194837
0_0_11,0_0_11\synth.csv,0_0_11\train.csv,0_0_11\val.csv,0_0_11\test.csv,-0.18405382495117806,0.13398266962982563,0.2437242964962905,0.11171874919928862,2.146426852175877,0.14300540129008604,0.4624006393918322,0.09130767063792977,0.24633357080973978,0.07273975237573536,0.3628586995991691
0_1_11,0_1_11\synth.csv,0_1_11\train.csv,0_1_11\val.csv,0_1_11\test.csv,-0.1688197987510336,0.14154374891637833,0.23463359350760893,0.12362539619840412,2.1347365698424774,0.148105535912549,0.5206463699796612,0.08166376557959076,0.22431853633651203,0.08357274528972806,0.37358512179810965
0_2_11,0_2_11\synth.csv,0_2_11\train.csv,0_2_11\val.csv,0_2_11\test.csv,-0.2431103233598504,0.14286326195897392,0.23529183354285022,0.11381420417516416,1.979940002701779,0.13366250713199332,0.44435915098796863,0.08571266205026817,0.2175479311479616,0.07732875009619732,0.3531360984699137
0_3_11,0_3_11\synth.csv,0_3_11\train.csv,0_3_11\val.csv,0_3_11\test.csv,-0.23576388677483706,0.14403738191764737,0.25267848914004704,0.11177294061814849,2.1565676399437534,0.1267751506816625,0.5279505260627037,0.08949106528440576,0.2628329164779755,0.07400364564726818,0.3831237632002942
0_4_11,0_4_11\synth.csv,0_4_11\train.csv,0_4_11\val.csv,0_4_11\test.csv,-0.21754028411115112,0.13043268542686282,0.21720856188468865,0.11160328406066244,2.264417015781604,0.14001987744321803,0.5021170753532516,0.09109736562593884,0.23583282005826606,0.07809386148152722,0.37647259512439557
1_0_11,1_0_11\synth.csv,1_0_11\train.csv,1_0_11\val.csv,1_0_11\test.csv,0.11626819131913091,0.13398266962982563,0.15978732354160616,0.07827712636282366,1.5818299416979376,0.1376537179278701,0.4891531414640964,0.09130767063792977,0.24633357080973978,0.07012917632897414,0.3458500152962816
1_1_11,1_1_11\synth.csv,1_1_11\train.csv,1_1_11\val.csv,1_1_11\test.csv,-0.13505919270362043,0.14154374891637833,0.24628328235813055,0.10429565053339919,1.4660190962763908,0.13283095601182215,0.4895599757257293,0.08166376557959076,0.22431853633651203,0.0998948114278242,0.3758444243710689
1_2_11,1_2_11\synth.csv,1_2_11\train.csv,1_2_11\val.csv,1_2_11\test.csv,0.025077380053116216,0.14286326195897392,0.18442332092527206,0.08190392347695513,1.1365771239069933,0.1431894867661727,0.5051492100513737,0.08571266205026817,0.2175479311479616,0.07758635375509676,0.34197764486877646
1_3_11,1_3_11\synth.csv,1_3_11\train.csv,1_3_11\val.csv,1_3_11\test.csv,0.024958005814548323,0.14403738191764737,0.1428857604070964,0.09706666486366647,1.7343657217846151,0.13185229643471452,0.48259502679217964,0.08949106528440576,0.2628329164779755,0.06459222995326643,0.3557033081329456
1_4_11,1_4_11\synth.csv,1_4_11\train.csv,1_4_11\val.csv,1_4_11\test.csv,0.14144306960071362,0.13043268542686282,0.1286834825858622,0.08250255101902314,1.4318168309003279,0.14118368412833618,0.4699564437557694,0.09109736562593884,0.23583282005826606,0.07262558467640984,0.35891942187181425
2_0_11,2_0_11\synth.csv,2_0_11\train.csv,2_0_11\val.csv,2_0_11\test.csv,0.03199061970745798,0.13398266962982563,0.1676315338890817,0.07847924306034873,1.2572363534357585,0.15162121030905573,0.4102281659896142,0.09130767063792977,0.24633357080973978,0.07717569804770899,0.354485321570818
2_1_11,2_1_11\synth.csv,2_1_11\train.csv,2_1_11\val.csv,2_1_11\test.csv,0.0590427972442803,0.14154374891637833,0.1529389061229605,0.07463513640779976,1.2173948234709195,0.1516323305499358,0.4469772954896851,0.08166376557959076,0.22431853633651203,0.07518183362762756,0.4079252575933969
2_2_11,2_2_11\synth.csv,2_2_11\train.csv,2_2_11\val.csv,2_2_11\test.csv,0.1001430542192524,0.14286326195897392,0.10075542959536554,0.07039385106736742,1.3062209820908548,0.13439349805032955,0.4419260063395618,0.08571266205026817,0.2175479311479616,0.08027048531979346,0.35451636545835874
2_3_11,2_3_11\synth.csv,2_3_11\train.csv,2_3_11\val.csv,2_3_11\test.csv,0.03038466499872372,0.14403738191764737,0.1495201159154376,0.07992760037198798,1.665189571404505,0.13039048803491537,0.46609033860595783,0.08949106528440576,0.2628329164779755,0.07275840641256351,0.3767028606435413
2_4_11,2_4_11\synth.csv,2_4_11\train.csv,2_4_11\val.csv,2_4_11\test.csv,0.14041777774426234,0.13043268542686282,0.15188443641063676,0.07838379122591109,1.1717989858268325,0.1413357497266201,0.44250020636435294,0.09109736562593884,0.23583282005826606,0.07902025830258302,0.36264174807393545
3_0_11,3_0_11\synth.csv,3_0_11\train.csv,3_0_11\val.csv,3_0_11\test.csv,0.04778227853732875,0.13398266962982563,0.17018273284877217,0.0640863986636081,1.3578010438946972,0.14253150041905052,0.4046991974555366,0.09130767063792977,0.24633357080973978,0.08661512983793418,0.38950794009694434
3_1_11,3_1_11\synth.csv,3_1_11\train.csv,3_1_11\val.csv,3_1_11\test.csv,0.06829692947922117,0.14154374891637833,0.109833067396455,0.0689298354849355,1.3404471131581934,0.14808662090184538,0.44759948085209944,0.08166376557959076,0.22431853633651203,0.07703189861793693,0.30954054060653
3_2_11,3_2_11\synth.csv,3_2_11\train.csv,3_2_11\val.csv,3_2_11\test.csv,0.06604982401818249,0.14286326195897392,0.10845775806621473,0.064742200650895,1.1710684366945423,0.1362095036664458,0.45642518329963,0.08571266205026817,0.2175479311479616,0.10262206051449058,0.38249986171068234
3_3_11,3_3_11\synth.csv,3_3_11\train.csv,3_3_11\val.csv,3_3_11\test.csv,0.012946956374258245,0.14403738191764737,0.14277655459790953,0.07572568627230422,1.4746488098893697,0.1358960434263844,0.4472039820234942,0.08949106528440576,0.2628329164779755,0.07117674992871088,0.3627542149027687
3_4_11,3_4_11\synth.csv,3_4_11\train.csv,3_4_11\val.csv,3_4_11\test.csv,0.09484725896721358,0.13043268542686282,0.1710754849968149,0.06541229358780204,1.3012014935444045,0.13909769433650326,0.3509571672587972,0.09109736562593884,0.23583282005826606,0.07301918107722424,0.3983851285186138
4_0_11,4_0_11\synth.csv,4_0_11\train.csv,4_0_11\val.csv,4_0_11\test.csv,0.07414528926077546,0.13398266962982563,0.11337923722035402,0.05818542117910644,1.5393573826541767,0.13630435184619327,0.3800060510369444,0.09130767063792977,0.24633357080973978,0.07623166173803866,0.3550642558252337
4_1_11,4_1_11\synth.csv,4_1_11\train.csv,4_1_11\val.csv,4_1_11\test.csv,0.07149466990899445,0.14154374891637833,0.11497004294377312,0.062170124267162556,1.425083510207042,0.13453661534672418,0.3788055721317003,0.08166376557959076,0.22431853633651203,0.08644509096970454,0.31771027966079046
4_2_11,4_2_11\synth.csv,4_2_11\train.csv,4_2_11\val.csv,4_2_11\test.csv,0.08911042344334985,0.14286326195897392,0.11132608839694436,0.04540933458723124,1.206288074843563,0.14120156708602638,0.40609401404188344,0.08571266205026817,0.2175479311479616,0.0953564193591592,0.3727802278443216
4_3_11,4_3_11\synth.csv,4_3_11\train.csv,4_3_11\val.csv,4_3_11\test.csv,0.029577998467840594,0.14403738191764737,0.1336170681746908,0.059334114546919094,1.6189494731427532,0.12953668915566702,0.45200936570815586,0.08949106528440576,0.2628329164779755,0.07879043980249695,0.3505982413031806
4_4_11,4_4_11\synth.csv,4_4_11\train.csv,4_4_11\val.csv,4_4_11\test.csv,0.11193571273957614,0.13043268542686282,0.15400078060124409,0.05036377450161787,1.3925401944624787,0.1444118086769121,0.3747085148563877,0.09109736562593884,0.23583282005826606,0.08492339415827091,0.3536299661415543
5_0_11,5_0_11\synth.csv,5_0_11\train.csv,5_0_11\val.csv,5_0_11\test.csv,0.08490004404623852,0.13398266962982563,0.10690571601002068,0.03955155303883227,1.4411861798447179,0.13910798532367377,0.3755740833894129,0.09130767063792977,0.24633357080973978,0.07883552524023962,0.364816673253533
5_1_11,5_1_11\synth.csv,5_1_11\train.csv,5_1_11\val.csv,5_1_11\test.csv,0.09139822704294154,0.14154374891637833,0.11441896054732177,0.05553861133581222,1.4313134855543168,0.14457641752608325,0.36885886620332653,0.08166376557959076,0.22431853633651203,0.08116363316018413,0.34274839731743656
5_2_11,5_2_11\synth.csv,5_2_11\train.csv,5_2_11\val.csv,5_2_11\test.csv,0.10206523583334814,0.14286326195897392,0.10834423504687014,0.04390249021296104,1.173218667797166,0.1341406363764551,0.3806728673018438,0.08571266205026817,0.2175479311479616,0.09856310232731205,0.37901840254950864
5_3_11,5_3_11\synth.csv,5_3_11\train.csv,5_3_11\val.csv,5_3_11\test.csv,0.0712083448168066,0.14403738191764737,0.10091522152155048,0.048724198832591784,1.394334592858663,0.14859785346118554,0.4402522349583389,0.08949106528440576,0.2628329164779755,0.08246322626635952,0.327271778372686
5_4_11,5_4_11\synth.csv,5_4_11\train.csv,5_4_11\val.csv,5_4_11\test.csv,0.15418352562839832,0.13043268542686282,0.14339997781526628,0.0420945902041953,1.5490630444497715,0.1477411144179363,0.4042301102581012,0.09109736562593884,0.23583282005826606,0.0841452857463412,0.3622474471799213
6_0_11,6_0_11\synth.csv,6_0_11\train.csv,6_0_11\val.csv,6_0_11\test.csv,0.09516955475035904,0.13398266962982563,0.08966365957369922,0.0308976391382017,1.3509967412896704,0.13923925528775496,0.38961675684083175,0.09130767063792977,0.24633357080973978,0.08504277716374578,0.34795639925365757
6_1_11,6_1_11\synth.csv,6_1_11\train.csv,6_1_11\val.csv,6_1_11\test.csv,0.0917533556686656,0.14154374891637833,0.11573903401431528,0.04765300842995338,1.3460814243460741,0.14523385516294665,0.3936785179121232,0.08166376557959076,0.22431853633651203,0.08071605545943944,0.33032942225749784
6_2_11,6_2_11\synth.csv,6_2_11\train.csv,6_2_11\val.csv,6_2_11\test.csv,0.11054216366454794,0.14286326195897392,0.09916066472936391,0.03805514106006603,1.233799058331797,0.13324058017995183,0.34554411550238207,0.08571266205026817,0.2175479311479616,0.09774289067587555,0.3925052252627789
6_3_11,6_3_11\synth.csv,6_3_11\train.csv,6_3_11\val.csv,6_3_11\test.csv,0.06484893928770508,0.14403738191764737,0.11487616090206855,0.046950089773904406,1.2797655693101386,0.13305008580528116,0.3839241116249982,0.08949106528440576,0.2628329164779755,0.08663723247450233,0.3094710066676184
6_4_11,6_4_11\synth.csv,6_4_11\train.csv,6_4_11\val.csv,6_4_11\test.csv,0.12304808880680851,0.13043268542686282,0.14212663684027207,0.034121705384061084,1.4714993810593,0.14585895538509808,0.458117677705632,0.09109736562593884,0.23583282005826606,0.09002152320039868,0.3635903537055184
7_0_11,7_0_11\synth.csv,7_0_11\train.csv,7_0_11\val.csv,7_0_11\test.csv,0.09896007875095558,0.13398266962982563,0.10421235405457689,0.0284351437123211,1.2602567551941095,0.13857110631138472,0.36653882555179795,0.09130767063792977,0.24633357080973978,0.10515129976436632,0.3697852070372751
7_1_11,7_1_11\synth.csv,7_1_11\train.csv,7_1_11\val.csv,7_1_11\test.csv,0.09944325252051522,0.14154374891637833,0.06001197125888579,0.045245442896784956,1.416800740807451,0.14762046080939628,0.3877946206145301,0.08166376557959076,0.22431853633651203,0.0950892902915225,0.3602818245793785
7_2_11,7_2_11\synth.csv,7_2_11\train.csv,7_2_11\val.csv,7_2_11\test.csv,0.10969823631983477,0.14286326195897392,0.11074517224439491,0.033552720296821076,1.1889297737933409,0.15071073687723666,0.36955387021876607,0.08571266205026817,0.2175479311479616,0.09499111013841341,0.3451329070148732
7_3_11,7_3_11\synth.csv,7_3_11\train.csv,7_3_11\val.csv,7_3_11\test.csv,0.06429294234899163,0.14403738191764737,0.11814522411265183,0.048129740118089515,1.3610678747291434,0.1519598244912081,0.4648095547502502,0.08949106528440576,0.2628329164779755,0.0858599430523795,0.32581101694262743
7_4_11,7_4_11\synth.csv,7_4_11\train.csv,7_4_11\val.csv,7_4_11\test.csv,0.1286064987133808,0.13043268542686282,0.135492185582398,0.032293934823258014,1.453086159879734,0.15131604357291312,0.4152713491869923,0.09109736562593884,0.23583282005826606,0.09423098875477626,0.3632878469376983
8_0_11,8_0_11\synth.csv,8_0_11\train.csv,8_0_11\val.csv,8_0_11\test.csv,0.10558696221648489,0.13398266962982563,0.10334675009705417,0.027045610911728572,1.3034130478396229,0.13921931274937344,0.3562248506091207,0.09130767063792977,0.24633357080973978,0.09825619359485611,0.33306081017795947
8_1_11,8_1_11\synth.csv,8_1_11\train.csv,8_1_11\val.csv,8_1_11\test.csv,0.10263714973476823,0.14154374891637833,0.047639320736071335,0.03712518747951161,1.5105981332241665,0.16036587903203847,0.40826392081391316,0.08166376557959076,0.22431853633651203,0.0897209626904685,0.34239157086957783
8_2_11,8_2_11\synth.csv,8_2_11\train.csv,8_2_11\val.csv,8_2_11\test.csv,0.11029347666997968,0.14286326195897392,0.10883023882098801,0.02865691086333146,1.2059586787348788,0.14167986257257548,0.36391690021172846,0.08571266205026817,0.2175479311479616,0.10260968726946607,0.34824188017074126
8_3_11,8_3_11\synth.csv,8_3_11\train.csv,8_3_11\val.csv,8_3_11\test.csv,0.07827665053345034,0.14403738191764737,0.10243852947827599,0.04102909556252402,1.4225327927473268,0.129899746467312,0.4321251880893407,0.08949106528440576,0.2628329164779755,0.09453937504128701,0.35333580582689866
8_4_11,8_4_11\synth.csv,8_4_11\train.csv,8_4_11\val.csv,8_4_11\test.csv,0.12172563125791658,0.13043268542686282,0.06340881577042067,0.02761089784553358,1.2057004062258643,0.1493545717305857,0.4171036088761726,0.09109736562593884,0.23583282005826606,0.09846905412416666,0.3381071805595397
9_0_11,9_0_11\synth.csv,9_0_11\train.csv,9_0_11\val.csv,9_0_11\test.csv,0.10393370350137177,0.13398266962982563,0.10046398716275921,0.01711716910938896,1.259850789944035,0.13162078352303902,0.3673600439267386,0.09130767063792977,0.24633357080973978,0.09765518824181778,0.32652648303067244
9_1_11,9_1_11\synth.csv,9_1_11\train.csv,9_1_11\val.csv,9_1_11\test.csv,0.11328250553039376,0.14154374891637833,0.07296407822482684,0.03209747734390208,1.518397334911032,0.15191305843113878,0.39504317838756975,0.08166376557959076,0.22431853633651203,0.10105420270532442,0.35613929841019043
9_2_11,9_2_11\synth.csv,9_2_11\train.csv,9_2_11\val.csv,9_2_11\test.csv,0.1122925732903095,0.14286326195897392,0.08409055933509417,0.02024151658748577,1.0869448455450006,0.1462426374482536,0.34173005177054916,0.08571266205026817,0.2175479311479616,0.12277775271391006,0.3090673240202908
9_3_11,9_3_11\synth.csv,9_3_11\train.csv,9_3_11\val.csv,9_3_11\test.csv,0.09195424977964128,0.14403738191764737,0.08168948290855432,0.03716989864244603,1.451589950651473,0.15123930842236832,0.40602291012456865,0.08949106528440576,0.2628329164779755,0.09167384842129932,0.33475511762040877
9_4_11,9_4_11\synth.csv,9_4_11\train.csv,9_4_11\val.csv,9_4_11\test.csv,0.11637659395912126,0.13043268542686282,0.053204427345998444,0.02186919669717766,1.213350021719272,0.15247171643403795,0.37491572557661146,0.09109736562593884,0.23583282005826606,0.10964345928770275,0.3486024479392252
0_0_12,0_0_12\synth.csv,0_0_12\train.csv,0_0_12\val.csv,0_0_12\test.csv,-0.1580081851982369,0.13398266962982563,0.22951836699935924,0.11156593621281947,2.168037531993442,0.14313200021885858,0.5533887071819805,0.09130767063792977,0.24633357080973978,0.08191341349727019,0.38582335925228506
0_1_12,0_1_12\synth.csv,0_1_12\train.csv,0_1_12\val.csv,0_1_12\test.csv,-0.180895372154124,0.14154374891637833,0.2348408475139724,0.1263483304987015,2.172253048867942,0.14849198791200963,0.4614916279314919,0.08166376557959076,0.22431853633651203,0.07459925660999242,0.35438677347495184
0_2_12,0_2_12\synth.csv,0_2_12\train.csv,0_2_12\val.csv,0_2_12\test.csv,-0.24356625959305167,0.14286326195897392,0.23922639659675593,0.11534671507177355,1.9795452244901635,0.1207349420660011,0.4487559566273184,0.08571266205026817,0.2175479311479616,0.08602985635732724,0.3545385497158753
0_3_12,0_3_12\synth.csv,0_3_12\train.csv,0_3_12\val.csv,0_3_12\test.csv,-0.20773277743426277,0.14403738191764737,0.2643570181726301,0.11049938529129413,2.140941145893328,0.15098344709231665,0.5976594685952665,0.08949106528440576,0.2628329164779755,0.07256692197552274,0.35574937701533366
0_4_12,0_4_12\synth.csv,0_4_12\train.csv,0_4_12\val.csv,0_4_12\test.csv,-0.2016830876775142,0.13043268542686282,0.21942357597139348,0.11149901353461829,2.271634110367906,0.1280861919436897,0.5018132987437279,0.09109736562593884,0.23583282005826606,0.07411508362693162,0.37264412386621076
1_0_12,1_0_12\synth.csv,1_0_12\train.csv,1_0_12\val.csv,1_0_12\test.csv,0.12939358697205816,0.13398266962982563,0.1658759314992246,0.07986604827011548,1.6162761927231397,0.13337866468642381,0.5164192184522152,0.09130767063792977,0.24633357080973978,0.07029362070902626,0.3654431737737395
1_1_12,1_1_12\synth.csv,1_1_12\train.csv,1_1_12\val.csv,1_1_12\test.csv,-0.15063573889304704,0.14154374891637833,0.2396651856274985,0.10877213357443753,1.4429035649955668,0.1491098571439791,0.49383406681650943,0.08166376557959076,0.22431853633651203,0.09298792854607589,0.3723792874631698
1_2_12,1_2_12\synth.csv,1_2_12\train.csv,1_2_12\val.csv,1_2_12\test.csv,0.10250254356791,0.14286326195897392,0.17758270897461417,0.08609211601952009,1.1707862571761283,0.15066983944901158,0.4318456085874559,0.08571266205026817,0.2175479311479616,0.07693290868060595,0.3739265998928776
1_3_12,1_3_12\synth.csv,1_3_12\train.csv,1_3_12\val.csv,1_3_12\test.csv,0.06557380396209023,0.14403738191764737,0.16177250477178454,0.09595778943091539,1.7398635036957109,0.14755161751553375,0.5187981800322711,0.08949106528440576,0.2628329164779755,0.06815919088438388,0.3534939900000651
1_4_12,1_4_12\synth.csv,1_4_12\train.csv,1_4_12\val.csv,1_4_12\test.csv,0.12914168417271465,0.13043268542686282,0.12243137080855997,0.0821830064692197,1.4594610757484092,0.1357429641178365,0.4808871371104189,0.09109736562593884,0.23583282005826606,0.06769450150137533,0.36314600751518566
2_0_12,2_0_12\synth.csv,2_0_12\train.csv,2_0_12\val.csv,2_0_12\test.csv,0.044943593193293996,0.13398266962982563,0.16613462379974356,0.0800024394303361,1.2901090850959755,0.1506986038744258,0.4432923349008371,0.09130767063792977,0.24633357080973978,0.07565263414740292,0.3504882068049855
2_1_12,2_1_12\synth.csv,2_1_12\train.csv,2_1_12\val.csv,2_1_12\test.csv,0.053693543395132326,0.14154374891637833,0.13941469882637159,0.07717263475664585,1.2642799973612024,0.1492848182336618,0.4535915783724227,0.08166376557959076,0.22431853633651203,0.0869387091469925,0.3773129184760999
2_2_12,2_2_12\synth.csv,2_2_12\train.csv,2_2_12\val.csv,2_2_12\test.csv,0.12113589281099613,0.14286326195897392,0.10521544599094339,0.07397328337729692,1.2395125897240773,0.1444163724068722,0.44951875719615964,0.08571266205026817,0.2175479311479616,0.08214653100401823,0.33525582205241317
2_3_12,2_3_12\synth.csv,2_3_12\train.csv,2_3_12\val.csv,2_3_12\test.csv,0.03824798546426511,0.14403738191764737,0.14707818822996746,0.08164999276914162,1.670734828230069,0.1448062395282063,0.43165605537215435,0.08949106528440576,0.2628329164779755,0.07425434841441543,0.3480539225287026
2_4_12,2_4_12\synth.csv,2_4_12\train.csv,2_4_12\val.csv,2_4_12\test.csv,0.07928313709222023,0.13043268542686282,0.14791821998421423,0.07790893374830246,1.2112072119454533,0.14703073001724937,0.44142840119316173,0.09109736562593884,0.23583282005826606,0.07781926024073849,0.39657532556803776
3_0_12,3_0_12\synth.csv,3_0_12\train.csv,3_0_12\val.csv,3_0_12\test.csv,0.0585669721969152,0.13398266962982563,0.1758738225508131,0.06714033672918944,1.366056429144081,0.1350160738502475,0.4008455205479487,0.09130767063792977,0.24633357080973978,0.07610079279071696,0.33244236271724914
3_1_12,3_1_12\synth.csv,3_1_12\train.csv,3_1_12\val.csv,3_1_12\test.csv,0.05959265466126629,0.14154374891637833,0.10893492475268125,0.0729016402372803,1.313488111395993,0.1493963532327122,0.4098828943418994,0.08166376557959076,0.22431853633651203,0.08833996384528157,0.33127805393226767
3_2_12,3_2_12\synth.csv,3_2_12\train.csv,3_2_12\val.csv,3_2_12\test.csv,0.07660063799352379,0.14286326195897392,0.11860709580856525,0.06732479724114593,1.1199174587201508,0.14595052506807502,0.4075805423913468,0.08571266205026817,0.2175479311479616,0.0813026540201907,0.37087123913434394
3_3_12,3_3_12\synth.csv,3_3_12\train.csv,3_3_12\val.csv,3_3_12\test.csv,0.017211408704513764,0.14403738191764737,0.14714674825299043,0.07758856702649222,1.47472309600108,0.14915571421650223,0.44786451736105537,0.08949106528440576,0.2628329164779755,0.0680370752070367,0.3570720603168214
3_4_12,3_4_12\synth.csv,3_4_12\train.csv,3_4_12\val.csv,3_4_12\test.csv,0.10770409455026908,0.13043268542686282,0.15995262460912982,0.06152282226863559,1.338562371061486,0.1412392836335269,0.39335049309567705,0.09109736562593884,0.23583282005826606,0.07069215781072018,0.34387314468281016
4_0_12,4_0_12\synth.csv,4_0_12\train.csv,4_0_12\val.csv,4_0_12\test.csv,0.06664570392158908,0.13398266962982563,0.12332943377868778,0.06128058695032524,1.5980798575681254,0.12575643153055005,0.44127311246213585,0.09130767063792977,0.24633357080973978,0.07723776275584486,0.36058583902277086
4_1_12,4_1_12\synth.csv,4_1_12\train.csv,4_1_12\val.csv,4_1_12\test.csv,0.07720016247288741,0.14154374891637833,0.11272279477757467,0.0664271222479071,1.4383334185173813,0.13845146038557463,0.3766260046172041,0.08166376557959076,0.22431853633651203,0.09292881517728518,0.40804308002224876
4_2_12,4_2_12\synth.csv,4_2_12\train.csv,4_2_12\val.csv,4_2_12\test.csv,0.10499743730344113,0.14286326195897392,0.10808919771998073,0.049341259101909736,1.2243772392522454,0.15254769256827094,0.3485658088229626,0.08571266205026817,0.2175479311479616,0.08975467948590726,0.3364544569628465
4_3_12,4_3_12\synth.csv,4_3_12\train.csv,4_3_12\val.csv,4_3_12\test.csv,0.03783204713533639,0.14403738191764737,0.13729538126049265,0.06251008230048366,1.571388611838422,0.1367241283252597,0.4085505095435028,0.08949106528440576,0.2628329164779755,0.07864370284662901,0.38341712847795295
4_4_12,4_4_12\synth.csv,4_4_12\train.csv,4_4_12\val.csv,4_4_12\test.csv,0.11837160590084506,0.13043268542686282,0.1448545911244291,0.05562811503264908,1.349588354880107,0.14968041075409821,0.4194748887505891,0.09109736562593884,0.23583282005826606,0.08186819502263887,0.3501220542388458
5_0_12,5_0_12\synth.csv,5_0_12\train.csv,5_0_12\val.csv,5_0_12\test.csv,0.09228512419067969,0.13398266962982563,0.1120953827693268,0.04177438212231722,1.4857416664854652,0.1340602802434515,0.3646768510564731,0.09130767063792977,0.24633357080973978,0.0828451823363337,0.3417645361837047
5_1_12,5_1_12\synth.csv,5_1_12\train.csv,5_1_12\val.csv,5_1_12\test.csv,0.08358508473063242,0.14154374891637833,0.10352458524012387,0.062081396162098804,1.496483845517358,0.1555579637677693,0.43361496921818876,0.08166376557959076,0.22431853633651203,0.07991150347117984,0.35864704966479355
5_2_12,5_2_12\synth.csv,5_2_12\train.csv,5_2_12\val.csv,5_2_12\test.csv,0.11225700521446935,0.14286326195897392,0.10927689614436492,0.045368957274587896,1.1671141190579413,0.14619552683751383,0.36650200480237743,0.08571266205026817,0.2175479311479616,0.09565605318153217,0.36660867803965685
5_3_12,5_3_12\synth.csv,5_3_12\train.csv,5_3_12\val.csv,5_3_12\test.csv,0.06795707870706535,0.14403738191764737,0.10457106812659105,0.05309063511355347,1.4167337090649523,0.12225678115333247,0.35964974374888514,0.08949106528440576,0.2628329164779755,0.08577960935751602,0.33720340844509755
5_4_12,5_4_12\synth.csv,5_4_12\train.csv,5_4_12\val.csv,5_4_12\test.csv,0.12429675851392707,0.13043268542686282,0.13422879718048253,0.047443403708188434,1.4815339751344947,0.1435576468590669,0.37411807550458076,0.09109736562593884,0.23583282005826606,0.07928677859559241,0.37807494768833794
6_0_12,6_0_12\synth.csv,6_0_12\train.csv,6_0_12\val.csv,6_0_12\test.csv,0.09325724259474455,0.13398266962982563,0.09221066435627635,0.03246814421569203,1.341935538936898,0.13915262364244396,0.40507415711453254,0.09130767063792977,0.24633357080973978,0.09469026015973647,0.3468538592794606
6_1_12,6_1_12\synth.csv,6_1_12\train.csv,6_1_12\val.csv,6_1_12\test.csv,0.09294774382495685,0.14154374891637833,0.09970249419780307,0.05489520011074633,1.3521266000155658,0.1521599395003903,0.3923518895102519,0.08166376557959076,0.22431853633651203,0.09418790594952839,0.3854988153134994
6_2_12,6_2_12\synth.csv,6_2_12\train.csv,6_2_12\val.csv,6_2_12\test.csv,0.12632877044270574,0.14286326195897392,0.10477642502903946,0.037500496152313614,1.244586479904744,0.14485313553469226,0.3686046309600378,0.08571266205026817,0.2175479311479616,0.1031543529966757,0.34347693462463236
6_3_12,6_3_12\synth.csv,6_3_12\train.csv,6_3_12\val.csv,6_3_12\test.csv,0.08612374953041724,0.14403738191764737,0.10280451481126936,0.046575026777956524,1.3297280284620345,0.13774422461259017,0.4206356862816431,0.08949106528440576,0.2628329164779755,0.0891955857144352,0.3535496231096774
6_4_12,6_4_12\synth.csv,6_4_12\train.csv,6_4_12\val.csv,6_4_12\test.csv,0.12091055132140205,0.13043268542686282,0.15368031163710907,0.040234684733401124,1.3372679152536535,0.14173307032509797,0.3768624324319041,0.09109736562593884,0.23583282005826606,0.08446512319168387,0.3289625545037881
7_0_12,7_0_12\synth.csv,7_0_12\train.csv,7_0_12\val.csv,7_0_12\test.csv,0.08938815923898913,0.13398266962982563,0.10175775856301966,0.031846402816229684,1.2507159573643087,0.13581639994731726,0.35167098751403425,0.09130767063792977,0.24633357080973978,0.09065930664033126,0.34448632347080455
7_1_12,7_1_12\synth.csv,7_1_12\train.csv,7_1_12\val.csv,7_1_12\test.csv,0.10663069191848606,0.14154374891637833,0.05261124879566831,0.053414121454750656,1.458409980345655,0.14582137408181667,0.3868211858722129,0.08166376557959076,0.22431853633651203,0.09913367352518755,0.3427250803059989
7_2_12,7_2_12\synth.csv,7_2_12\train.csv,7_2_12\val.csv,7_2_12\test.csv,0.11281912606425759,0.14286326195897392,0.10896332579137345,0.032836213245711,1.2297552000649292,0.14809820918706326,0.3744604473709452,0.08571266205026817,0.2175479311479616,0.09937065702341913,0.37743152983226613
7_3_12,7_3_12\synth.csv,7_3_12\train.csv,7_3_12\val.csv,7_3_12\test.csv,0.07872516055765688,0.14403738191764737,0.10663004150431006,0.048004791289876864,1.424418800710946,0.14622920020584418,0.38482408298399295,0.08949106528440576,0.2628329164779755,0.081739136875051,0.35434821007488215
7_4_12,7_4_12\synth.csv,7_4_12\train.csv,7_4_12\val.csv,7_4_12\test.csv,0.12450560226420038,0.13043268542686282,0.15031536342594837,0.03787579931330141,1.341613770566501,0.13485133927470616,0.3890536868211112,0.09109736562593884,0.23583282005826606,0.08456042420240992,0.368825664007708
8_0_12,8_0_12\synth.csv,8_0_12\train.csv,8_0_12\val.csv,8_0_12\test.csv,0.10059765783293462,0.13398266962982563,0.09738079722411619,0.02927218774155306,1.2292285800938012,0.14625999693804426,0.3622241248577205,0.09130767063792977,0.24633357080973978,0.09200357348470921,0.318608839107088
8_1_12,8_1_12\synth.csv,8_1_12\train.csv,8_1_12\val.csv,8_1_12\test.csv,0.11075969137699859,0.14154374891637833,0.04165203205807561,0.042586581736825474,1.555419233127555,0.15185884136169814,0.34875681899542366,0.08166376557959076,0.22431853633651203,0.0936835918489082,0.3740020549153365
8_2_12,8_2_12\synth.csv,8_2_12\train.csv,8_2_12\val.csv,8_2_12\test.csv,0.1163239080779479,0.14286326195897392,0.10732220731820934,0.028281311935290092,1.2238482604958156,0.16416901599202746,0.37790633857748923,0.08571266205026817,0.2175479311479616,0.10042990429928361,0.4227764178348504
8_3_12,8_3_12\synth.csv,8_3_12\train.csv,8_3_12\val.csv,8_3_12\test.csv,0.11437840050921055,0.14403738191764737,0.09551174991598493,0.03904638109210777,1.5133908442993231,0.14543576016605347,0.42227863991143455,0.08949106528440576,0.2628329164779755,0.11135803308296806,0.38916339169848346
8_4_12,8_4_12\synth.csv,8_4_12\train.csv,8_4_12\val.csv,8_4_12\test.csv,0.11686907438659644,0.13043268542686282,0.06569439954071644,0.03236245884944234,1.109675301628584,0.13481503729876304,0.3661179545283544,0.09109736562593884,0.23583282005826606,0.0929981600430845,0.36888027464707995
9_0_12,9_0_12\synth.csv,9_0_12\train.csv,9_0_12\val.csv,9_0_12\test.csv,0.10313096024830426,0.13398266962982563,0.09095882714262014,0.02144627958165663,1.1523717396051467,0.14834613583080547,0.3854475820095925,0.09130767063792977,0.24633357080973978,0.09408718692552467,0.31756559998091516
9_1_12,9_1_12\synth.csv,9_1_12\train.csv,9_1_12\val.csv,9_1_12\test.csv,0.11810811101678653,0.14154374891637833,0.07004807921816102,0.039676361991712504,1.5607466836824202,0.15912723290101727,0.3585763358304205,0.08166376557959076,0.22431853633651203,0.1037908124756832,0.39533180435152715
9_2_12,9_2_12\synth.csv,9_2_12\train.csv,9_2_12\val.csv,9_2_12\test.csv,0.1097713630373488,0.14286326195897392,0.07813390590966822,0.022228146397087475,1.086399270085763,0.14108025379371128,0.35794431473043326,0.08571266205026817,0.2175479311479616,0.1076370157229371,0.3793140343104788
9_3_12,9_3_12\synth.csv,9_3_12\train.csv,9_3_12\val.csv,9_3_12\test.csv,0.10843660239276909,0.14403738191764737,0.0775838382320201,0.03677666035169369,1.4534653727092575,0.14356590902835187,0.3909193736244698,0.08949106528440576,0.2628329164779755,0.09850501060047079,0.35520281069359205
9_4_12,9_4_12\synth.csv,9_4_12\train.csv,9_4_12\val.csv,9_4_12\test.csv,0.12509654664995962,0.13043268542686282,0.05518622952148072,0.02756717193711708,1.137787847468169,0.14370861418657804,0.3977412546653034,0.09109736562593884,0.23583282005826606,0.0934820706911584,0.33399132411637295
0_0_13,0_0_13\synth.csv,0_0_13\train.csv,0_0_13\val.csv,0_0_13\test.csv,-0.18640616361158346,0.13398266962982563,0.2291763059912042,0.11116679167409849,2.194438906230791,0.13984778657963554,0.5072500540142341,0.09130767063792977,0.24633357080973978,0.08361636180811025,0.423640710375496
0_1_13,0_1_13\synth.csv,0_1_13\train.csv,0_1_13\val.csv,0_1_13\test.csv,-0.17411780709363245,0.14154374891637833,0.2241762279384988,0.12393964972795489,2.1511299059050724,0.1538398648821036,0.5347453809163711,0.08166376557959076,0.22431853633651203,0.0835894690502741,0.3589798176977128
0_2_13,0_2_13\synth.csv,0_2_13\train.csv,0_2_13\val.csv,0_2_13\test.csv,-0.25704509855508606,0.14286326195897392,0.23649535436725302,0.11387896116102997,1.9734092628028828,0.13044781257490531,0.4442736744792593,0.08571266205026817,0.2175479311479616,0.07136861434415309,0.3505581015455652
0_3_13,0_3_13\synth.csv,0_3_13\train.csv,0_3_13\val.csv,0_3_13\test.csv,-0.2358515928403222,0.14403738191764737,0.2503774637966651,0.11200888048753545,2.12374433831361,0.13877559256590766,0.47828010405038146,0.08949106528440576,0.2628329164779755,0.07712506234263647,0.373894612434764
0_4_13,0_4_13\synth.csv,0_4_13\train.csv,0_4_13\val.csv,0_4_13\test.csv,-0.21589055580503103,0.13043268542686282,0.2097408627058542,0.11004328356493343,2.2890150438514727,0.13372228304006467,0.5523332965722705,0.09109736562593884,0.23583282005826606,0.07647998498141144,0.377412528085371
1_0_13,1_0_13\synth.csv,1_0_13\train.csv,1_0_13\val.csv,1_0_13\test.csv,0.11646559758857289,0.13398266962982563,0.1496090493629059,0.08068418210517077,1.5873136336436422,0.1362130179852571,0.5070614582136107,0.09130767063792977,0.24633357080973978,0.07020935147791932,0.4008779559734954
1_1_13,1_1_13\synth.csv,1_1_13\train.csv,1_1_13\val.csv,1_1_13\test.csv,-0.1470933103525549,0.14154374891637833,0.23090741910488408,0.10830070982515852,1.3470312512359544,0.13733437345835298,0.4824882004210702,0.08166376557959076,0.22431853633651203,0.10294874466872742,0.363755295623144
1_2_13,1_2_13\synth.csv,1_2_13\train.csv,1_2_13\val.csv,1_2_13\test.csv,0.02346196954946167,0.14286326195897392,0.17867836147302277,0.08284869486616749,1.1893451197031724,0.1326790861416095,0.4074922343816807,0.08571266205026817,0.2175479311479616,0.07138763332347736,0.36634577892562836
1_3_13,1_3_13\synth.csv,1_3_13\train.csv,1_3_13\val.csv,1_3_13\test.csv,0.02727621948164416,0.14403738191764737,0.15487049142412176,0.09601193603304294,1.7446968629277626,0.1520949355669235,0.46311201344619224,0.08949106528440576,0.2628329164779755,0.060202092559196105,0.34945502633446923
1_4_13,1_4_13\synth.csv,1_4_13\train.csv,1_4_13\val.csv,1_4_13\test.csv,0.1391935263961278,0.13043268542686282,0.1314582850462752,0.08183567967152985,1.3709611684447518,0.12911273345209023,0.47904611277486486,0.09109736562593884,0.23583282005826606,0.06740373941009828,0.3685703007740919
2_0_13,2_0_13\synth.csv,2_0_13\train.csv,2_0_13\val.csv,2_0_13\test.csv,0.0797533332654976,0.13398266962982563,0.16290048408390947,0.07759798208077272,1.2894310400024767,0.14382677657999338,0.41658022138417206,0.09130767063792977,0.24633357080973978,0.0683043180279623,0.3482357505254703
2_1_13,2_1_13\synth.csv,2_1_13\train.csv,2_1_13\val.csv,2_1_13\test.csv,0.04274599791711786,0.14154374891637833,0.1340910267505563,0.07590385474004134,1.2684646876121857,0.15722822284540505,0.42949836598325325,0.08166376557959076,0.22431853633651203,0.0805010231998369,0.3501835434521907
2_2_13,2_2_13\synth.csv,2_2_13\train.csv,2_2_13\val.csv,2_2_13\test.csv,0.11416013432721428,0.14286326195897392,0.11966100681619873,0.06870139884085263,1.2917826980220137,0.14345051353933658,0.47290552895316507,0.08571266205026817,0.2175479311479616,0.08433468761640157,0.35083030204604065
2_3_13,2_3_13\synth.csv,2_3_13\train.csv,2_3_13\val.csv,2_3_13\test.csv,-0.03060149546222468,0.14403738191764737,0.15193947047043144,0.082536592840997,1.6030901991803987,0.1411672309402182,0.42411346263132504,0.08949106528440576,0.2628329164779755,0.07378459112821462,0.3672944034342761
2_4_13,2_4_13\synth.csv,2_4_13\train.csv,2_4_13\val.csv,2_4_13\test.csv,0.06818276236288712,0.13043268542686282,0.1707898716732307,0.07842732887458552,1.1711395279222594,0.14442956816575656,0.42776679253672645,0.09109736562593884,0.23583282005826606,0.07127716224296543,0.38734462510191203
3_0_13,3_0_13\synth.csv,3_0_13\train.csv,3_0_13\val.csv,3_0_13\test.csv,0.05736006953379613,0.13398266962982563,0.16055573790577496,0.06432121627143667,1.4514931552435746,0.14428690448811543,0.39894193949939727,0.09130767063792977,0.24633357080973978,0.0744902158227483,0.3575103214269936
3_1_13,3_1_13\synth.csv,3_1_13\train.csv,3_1_13\val.csv,3_1_13\test.csv,0.04658272914782158,0.14154374891637833,0.11106675228900342,0.07068983311725392,1.2645657404363777,0.14574690670594176,0.3537156001032975,0.08166376557959076,0.22431853633651203,0.07200164344729279,0.3410482760495366
3_2_13,3_2_13\synth.csv,3_2_13\train.csv,3_2_13\val.csv,3_2_13\test.csv,0.04974903016544363,0.14286326195897392,0.11911642037937575,0.06713094329559334,1.1990509549235886,0.14401850372440614,0.42836314550470106,0.08571266205026817,0.2175479311479616,0.08288222697533111,0.3313842428341667
3_3_13,3_3_13\synth.csv,3_3_13\train.csv,3_3_13\val.csv,3_3_13\test.csv,0.008440739888130988,0.14403738191764737,0.1491873945267838,0.07973975154205087,1.4413291998270086,0.153574889769036,0.47570343486446215,0.08949106528440576,0.2628329164779755,0.06407198201875558,0.3647544831790498
3_4_13,3_4_13\synth.csv,3_4_13\train.csv,3_4_13\val.csv,3_4_13\test.csv,0.08460721374243352,0.13043268542686282,0.17364548628281007,0.06783775846448475,1.252374062004653,0.12279002718293895,0.3961384121093126,0.09109736562593884,0.23583282005826606,0.07557540740813505,0.3766379980878658
4_0_13,4_0_13\synth.csv,4_0_13\train.csv,4_0_13\val.csv,4_0_13\test.csv,0.06653932941854712,0.13398266962982563,0.11943864005813419,0.05920212920218164,1.588247783507031,0.14346784038471194,0.3540517350173912,0.09130767063792977,0.24633357080973978,0.07414090779291219,0.3524261585152412
4_1_13,4_1_13\synth.csv,4_1_13\train.csv,4_1_13\val.csv,4_1_13\test.csv,0.06344689991903585,0.14154374891637833,0.11637747460243476,0.06126945702944123,1.4820890548343495,0.1480897953311574,0.42800200804077226,0.08166376557959076,0.22431853633651203,0.07359313862645525,0.3322376657739343
4_2_13,4_2_13\synth.csv,4_2_13\train.csv,4_2_13\val.csv,4_2_13\test.csv,0.07401752164302933,0.14286326195897392,0.11679483258108085,0.05385399073550053,1.116328293241127,0.14552644412534474,0.38646051495011957,0.08571266205026817,0.2175479311479616,0.09290482975116672,0.35816518927057706
4_3_13,4_3_13\synth.csv,4_3_13\train.csv,4_3_13\val.csv,4_3_13\test.csv,0.037018072642431066,0.14403738191764737,0.12476705283826067,0.06049567099954826,1.632911429500057,0.14351941208183,0.4385402204104259,0.08949106528440576,0.2628329164779755,0.07251961188911146,0.3753944179821448
4_4_13,4_4_13\synth.csv,4_4_13\train.csv,4_4_13\val.csv,4_4_13\test.csv,0.11016645663659297,0.13043268542686282,0.15366376002763757,0.05260537226555576,1.345155112565277,0.1281249190851293,0.31296980916751244,0.09109736562593884,0.23583282005826606,0.07451990912712077,0.36047200826053416
5_0_13,5_0_13\synth.csv,5_0_13\train.csv,5_0_13\val.csv,5_0_13\test.csv,0.08383065436956672,0.13398266962982563,0.1163858270397195,0.043125853300050525,1.4603504620056207,0.1557121124043625,0.3983205958342004,0.09130767063792977,0.24633357080973978,0.07613457032051307,0.30791116461369594
5_1_13,5_1_13\synth.csv,5_1_13\train.csv,5_1_13\val.csv,5_1_13\test.csv,0.08651637947745627,0.14154374891637833,0.11104702044357755,0.056571077974600356,1.5007248337541186,0.1546652368934106,0.3714185333109222,0.08166376557959076,0.22431853633651203,0.07981450457827677,0.3473035551089659
5_2_13,5_2_13\synth.csv,5_2_13\train.csv,5_2_13\val.csv,5_2_13\test.csv,0.1065155662264562,0.14286326195897392,0.10942392482464273,0.04863096134119659,1.1382882862520287,0.13292798758543486,0.3598338031045421,0.08571266205026817,0.2175479311479616,0.08885450767602211,0.33180186398511213
5_3_13,5_3_13\synth.csv,5_3_13\train.csv,5_3_13\val.csv,5_3_13\test.csv,0.06970226790864387,0.14403738191764737,0.0865190586251069,0.05058066319677465,1.520476104873898,0.12436661520218889,0.3946504921499018,0.08949106528440576,0.2628329164779755,0.0801801443344125,0.35673995130946284
5_4_13,5_4_13\synth.csv,5_4_13\train.csv,5_4_13\val.csv,5_4_13\test.csv,0.11889709415582128,0.13043268542686282,0.12932410696307453,0.04488555880513827,1.6123536170270725,0.14525194883215053,0.3947646470692098,0.09109736562593884,0.23583282005826606,0.08001712366080567,0.3724643015603056
6_0_13,6_0_13\synth.csv,6_0_13\train.csv,6_0_13\val.csv,6_0_13\test.csv,0.0894926058606823,0.13398266962982563,0.09050188600913522,0.03225018297138402,1.2788018704293735,0.14597995089965818,0.3830679186670953,0.09130767063792977,0.24633357080973978,0.0859561715586766,0.3151124129660019
6_1_13,6_1_13\synth.csv,6_1_13\train.csv,6_1_13\val.csv,6_1_13\test.csv,0.08632998795512747,0.14154374891637833,0.11454066715842291,0.04922551569457006,1.3909237266888113,0.1509405909024356,0.3682036722146339,0.08166376557959076,0.22431853633651203,0.07527008204936672,0.31605016422513527
6_2_13,6_2_13\synth.csv,6_2_13\train.csv,6_2_13\val.csv,6_2_13\test.csv,0.10513182767271101,0.14286326195897392,0.10238593168560957,0.038396954657576456,1.1656416030419676,0.1427704882443735,0.37074026895380496,0.08571266205026817,0.2175479311479616,0.09640008511406223,0.31827520300761675
6_3_13,6_3_13\synth.csv,6_3_13\train.csv,6_3_13\val.csv,6_3_13\test.csv,0.0814817153680839,0.14403738191764737,0.09491930093720036,0.04713866824568852,1.4940100125661915,0.12477762265090914,0.37980428637141306,0.08949106528440576,0.2628329164779755,0.09019508514015814,0.36307593459714665
6_4_13,6_4_13\synth.csv,6_4_13\train.csv,6_4_13\val.csv,6_4_13\test.csv,0.11322978940880224,0.13043268542686282,0.14056270168099866,0.037615598135697245,1.5522311199786334,0.13917175514344954,0.3775094644584116,0.09109736562593884,0.23583282005826606,0.08744376474604669,0.36700734965498927
7_0_13,7_0_13\synth.csv,7_0_13\train.csv,7_0_13\val.csv,7_0_13\test.csv,0.0945546074330732,0.13398266962982563,0.11111247834513195,0.028568888678715456,1.2427021215841871,0.1448509937273892,0.3926170056904658,0.09130767063792977,0.24633357080973978,0.09734332440712799,0.3731475462755055
7_1_13,7_1_13\synth.csv,7_1_13\train.csv,7_1_13\val.csv,7_1_13\test.csv,0.08970308733257004,0.14154374891637833,0.06562258072574813,0.045699861282335115,1.4355908282443075,0.14472373762680255,0.41059748822885817,0.08166376557959076,0.22431853633651203,0.09100259731453694,0.3440576718733351
7_2_13,7_2_13\synth.csv,7_2_13\train.csv,7_2_13\val.csv,7_2_13\test.csv,0.09926465285613173,0.14286326195897392,0.10024265835063274,0.03354462852424089,1.1827496318840007,0.14677384100557483,0.36902762234367303,0.08571266205026817,0.2175479311479616,0.08571055600494143,0.3106642867501076
7_3_13,7_3_13\synth.csv,7_3_13\train.csv,7_3_13\val.csv,7_3_13\test.csv,0.08382972717825143,0.14403738191764737,0.10294027997852734,0.049087057868068065,1.4773299885034454,0.14321698493211377,0.4020924330291399,0.08949106528440576,0.2628329164779755,0.09556204628265089,0.34251440068267913
7_4_13,7_4_13\synth.csv,7_4_13\train.csv,7_4_13\val.csv,7_4_13\test.csv,0.1204046963256149,0.13043268542686282,0.1393540920159562,0.035563835182247795,1.4638152040571013,0.14585505729897486,0.4013772590631966,0.09109736562593884,0.23583282005826606,0.08459791827103004,0.34979157613660716
8_0_13,8_0_13\synth.csv,8_0_13\train.csv,8_0_13\val.csv,8_0_13\test.csv,0.10034951791013813,0.13398266962982563,0.10634177004568879,0.027495211305592373,1.2912098333259778,0.1388351442194331,0.36686944503851704,0.09130767063792977,0.24633357080973978,0.11496265694099567,0.35259494621432186
8_1_13,8_1_13\synth.csv,8_1_13\train.csv,8_1_13\val.csv,8_1_13\test.csv,0.10379906350656642,0.14154374891637833,0.056652776765925277,0.03886241773454487,1.5133321151065982,0.16842328122028516,0.4206391754895137,0.08166376557959076,0.22431853633651203,0.0859756403280037,0.33942655365373
8_2_13,8_2_13\synth.csv,8_2_13\train.csv,8_2_13\val.csv,8_2_13\test.csv,0.10736182411532214,0.14286326195897392,0.11142428928505203,0.02961766849968428,1.1832198644513092,0.13379527211134462,0.3814244009978962,0.08571266205026817,0.2175479311479616,0.09964940488052101,0.33777200528525675
8_3_13,8_3_13\synth.csv,8_3_13\train.csv,8_3_13\val.csv,8_3_13\test.csv,0.09670364092744699,0.14403738191764737,0.09253066822832184,0.040624948377095876,1.5071901211036163,0.1368992799092537,0.4113219417091139,0.08949106528440576,0.2628329164779755,0.10029358075350286,0.3570259923675755
8_4_13,8_4_13\synth.csv,8_4_13\train.csv,8_4_13\val.csv,8_4_13\test.csv,0.107596053644882,0.13043268542686282,0.07047321419030085,0.033262580349787046,1.287117133497066,0.13791828599182238,0.36489893851236016,0.09109736562593884,0.23583282005826606,0.09545579100609503,0.3650982282794039
9_0_13,9_0_13\synth.csv,9_0_13\train.csv,9_0_13\val.csv,9_0_13\test.csv,0.10494013293921312,0.13398266962982563,0.10403308257902945,0.01838993518101721,1.2243525758881508,0.144738255110054,0.38091349597353,0.09130767063792977,0.24633357080973978,0.1006004913698611,0.3203371961168997
9_1_13,9_1_13\synth.csv,9_1_13\train.csv,9_1_13\val.csv,9_1_13\test.csv,0.10809683298133987,0.14154374891637833,0.08288977198853126,0.036471385346186116,1.531159586872033,0.16253477292202825,0.39618959675738885,0.08166376557959076,0.22431853633651203,0.0877910411819767,0.3289294633687196
9_2_13,9_2_13\synth.csv,9_2_13\train.csv,9_2_13\val.csv,9_2_13\test.csv,0.10585532888730853,0.14286326195897392,0.08368891132411538,0.02268834517601298,1.1131356711789893,0.14157218637570768,0.34992548478853935,0.08571266205026817,0.2175479311479616,0.10179380290639783,0.3602633616624257
9_3_13,9_3_13\synth.csv,9_3_13\train.csv,9_3_13\val.csv,9_3_13\test.csv,0.10407578774238513,0.14403738191764737,0.06384510549687733,0.03901662814236551,1.4685849700860125,0.16109315315095912,0.4336931340325721,0.08949106528440576,0.2628329164779755,0.08580686649386976,0.3338017264735924
9_4_13,9_4_13\synth.csv,9_4_13\train.csv,9_4_13\val.csv,9_4_13\test.csv,0.11194931004745767,0.13043268542686282,0.05921536842606848,0.026227056052618575,1.281568727910059,0.15388456427542457,0.41081564255019276,0.09109736562593884,0.23583282005826606,0.11371656470255662,0.3438241777727219
0_0_14,0_0_14\synth.csv,0_0_14\train.csv,0_0_14\val.csv,0_0_14\test.csv,-0.1676350393089503,0.13398266962982563,0.2271955484206246,0.11072518385537426,2.1615250676103983,0.13669357644296812,0.49166477274870357,0.09130767063792977,0.24633357080973978,0.08110965334150118,0.3945758096251173
0_1_14,0_1_14\synth.csv,0_1_14\train.csv,0_1_14\val.csv,0_1_14\test.csv,-0.18688624662342312,0.14154374891637833,0.23216460390499752,0.12339764883614646,2.186219252330572,0.14779143724499813,0.5141304864818272,0.08166376557959076,0.22431853633651203,0.08179528612345802,0.38522836580752917
0_2_14,0_2_14\synth.csv,0_2_14\train.csv,0_2_14\val.csv,0_2_14\test.csv,-0.2515095978252613,0.14286326195897392,0.2426608952549413,0.11535442147438388,1.978847198622326,0.121825354636943,0.46764252698086295,0.08571266205026817,0.2175479311479616,0.07916066868507654,0.36195682781537697
0_3_14,0_3_14\synth.csv,0_3_14\train.csv,0_3_14\val.csv,0_3_14\test.csv,-0.2232960200054772,0.14403738191764737,0.2545660425669383,0.11099792149313421,2.1346423129320433,0.13583281588474605,0.5094753267603869,0.08949106528440576,0.2628329164779755,0.07482981585109956,0.35186553637304674
0_4_14,0_4_14\synth.csv,0_4_14\train.csv,0_4_14\val.csv,0_4_14\test.csv,-0.22296864968400887,0.13043268542686282,0.22081230666413268,0.11196688943711794,2.276459113468626,0.13796370108356706,0.4746158943631836,0.09109736562593884,0.23583282005826606,0.07553757750578415,0.3729860443371096
1_0_14,1_0_14\synth.csv,1_0_14\train.csv,1_0_14\val.csv,1_0_14\test.csv,0.10550083937292154,0.13398266962982563,0.17070775449458908,0.07837332617411107,1.6104577049648185,0.13668122320173526,0.5559579516008215,0.09130767063792977,0.24633357080973978,0.07452086027302146,0.34834372071695563
1_1_14,1_1_14\synth.csv,1_1_14\train.csv,1_1_14\val.csv,1_1_14\test.csv,-0.16660848614087453,0.14154374891637833,0.24666590658563345,0.10479943833265143,1.507526551811709,0.1423286576646476,0.4586282900211427,0.08166376557959076,0.22431853633651203,0.09783496582205839,0.3937350001965053
1_2_14,1_2_14\synth.csv,1_2_14\train.csv,1_2_14\val.csv,1_2_14\test.csv,0.026043449753325065,0.14286326195897392,0.1787454939500912,0.08286744707590676,1.2160562318772454,0.14685490872443302,0.4268722403510661,0.08571266205026817,0.2175479311479616,0.06908800147680103,0.3743032109941721
1_3_14,1_3_14\synth.csv,1_3_14\train.csv,1_3_14\val.csv,1_3_14\test.csv,0.051999073471590496,0.14403738191764737,0.14658879781705278,0.09394267944696282,1.7488860796026477,0.14334728579289746,0.5502775575543133,0.08949106528440576,0.2628329164779755,0.06497755805545738,0.40182846802232886
1_4_14,1_4_14\synth.csv,1_4_14\train.csv,1_4_14\val.csv,1_4_14\test.csv,0.14282399489346964,0.13043268542686282,0.12933175116449755,0.08249195281091784,1.4609451482260614,0.13271796989192547,0.4362066660115961,0.09109736562593884,0.23583282005826606,0.0685645111422992,0.35848229213462146
2_0_14,2_0_14\synth.csv,2_0_14\train.csv,2_0_14\val.csv,2_0_14\test.csv,0.038909325328356004,0.13398266962982563,0.17391382514853748,0.0762303750811078,1.2036509085052387,0.1424635260179502,0.41995131374272776,0.09130767063792977,0.24633357080973978,0.07123914704415467,0.3389629820287461
2_1_14,2_1_14\synth.csv,2_1_14\train.csv,2_1_14\val.csv,2_1_14\test.csv,0.06733356107082533,0.14154374891637833,0.14843942979983296,0.07228093700073994,1.190604160064784,0.14672145534147596,0.44691545174315295,0.08166376557959076,0.22431853633651203,0.07635665595836169,0.3397919883840339
2_2_14,2_2_14\synth.csv,2_2_14\train.csv,2_2_14\val.csv,2_2_14\test.csv,0.10918150741176025,0.14286326195897392,0.11089858431835999,0.0706425255421809,1.3334851662327671,0.13987766356782136,0.44743576692827225,0.08571266205026817,0.2175479311479616,0.07983531708415675,0.3439668640944084
2_3_14,2_3_14\synth.csv,2_3_14\train.csv,2_3_14\val.csv,2_3_14\test.csv,0.022211029051367848,0.14403738191764737,0.14350506004809685,0.08004549078443106,1.5827616922053986,0.1449733827640488,0.3810434387518856,0.08949106528440576,0.2628329164779755,0.07018997320334305,0.33684255883042913
2_4_14,2_4_14\synth.csv,2_4_14\train.csv,2_4_14\val.csv,2_4_14\test.csv,0.08399080815556204,0.13043268542686282,0.1518661611993406,0.07789223155145976,1.1448249336792864,0.12934986106571994,0.4442018631102472,0.09109736562593884,0.23583282005826606,0.07031616616516573,0.34205404761647296
3_0_14,3_0_14\synth.csv,3_0_14\train.csv,3_0_14\val.csv,3_0_14\test.csv,0.057396252756350186,0.13398266962982563,0.1721824494534997,0.06306128247853915,1.3412251708440561,0.13916292010505094,0.39966734121195613,0.09130767063792977,0.24633357080973978,0.07473776703182945,0.3685422631332839
3_1_14,3_1_14\synth.csv,3_1_14\train.csv,3_1_14\val.csv,3_1_14\test.csv,0.06381179964334083,0.14154374891637833,0.11963159377874193,0.07061417843724364,1.330330917450695,0.1485423508869341,0.41597805899758933,0.08166376557959076,0.22431853633651203,0.07361180997633085,0.3371449341763648
3_2_14,3_2_14\synth.csv,3_2_14\train.csv,3_2_14\val.csv,3_2_14\test.csv,0.08227555095610017,0.14286326195897392,0.11642341206155382,0.06340326688745813,1.2539449924995443,0.14010632119875233,0.41180578122925837,0.08571266205026817,0.2175479311479616,0.08165659808305221,0.3658782966139368
3_3_14,3_3_14\synth.csv,3_3_14\train.csv,3_3_14\val.csv,3_3_14\test.csv,0.012440839143065374,0.14403738191764737,0.14017906251795367,0.07578847351328277,1.4224588891222791,0.14203786628805892,0.45861889708291814,0.08949106528440576,0.2628329164779755,0.06678783541608022,0.3373564698760658
3_4_14,3_4_14\synth.csv,3_4_14\train.csv,3_4_14\val.csv,3_4_14\test.csv,0.07764211879391791,0.13043268542686282,0.1727394695160077,0.06825194605292678,1.3465461095195346,0.13896776109366096,0.4638756100796872,0.09109736562593884,0.23583282005826606,0.07243187942171031,0.3353604990260276
4_0_14,4_0_14\synth.csv,4_0_14\train.csv,4_0_14\val.csv,4_0_14\test.csv,0.06764993107150996,0.13398266962982563,0.12156531086593302,0.057333277260018585,1.5497557774997395,0.15015563200855886,0.46834883312065956,0.09130767063792977,0.24633357080973978,0.07883570735935552,0.35275229496503363
4_1_14,4_1_14\synth.csv,4_1_14\train.csv,4_1_14\val.csv,4_1_14\test.csv,0.07684526624452692,0.14154374891637833,0.10628660454520418,0.06324810374260612,1.4122841524234255,0.1542683435582504,0.3946965870423232,0.08166376557959076,0.22431853633651203,0.09238743534627814,0.4077978006441092
4_2_14,4_2_14\synth.csv,4_2_14\train.csv,4_2_14\val.csv,4_2_14\test.csv,0.11051676202171445,0.14286326195897392,0.09800336443817327,0.04408796193535313,1.2576534770617744,0.1390683340599313,0.38347648803659096,0.08571266205026817,0.2175479311479616,0.0912674271050795,0.38363699116384065
4_3_14,4_3_14\synth.csv,4_3_14\train.csv,4_3_14\val.csv,4_3_14\test.csv,0.048258178026258536,0.14403738191764737,0.13153705160499388,0.05872053651170746,1.5979403650760289,0.1327979171215504,0.4228813933342021,0.08949106528440576,0.2628329164779755,0.08185335726285127,0.3740456904193705
4_4_14,4_4_14\synth.csv,4_4_14\train.csv,4_4_14\val.csv,4_4_14\test.csv,0.11865516019203426,0.13043268542686282,0.14408759795872236,0.05338702779354364,1.4047706634664285,0.1367220396345903,0.4016274788643007,0.09109736562593884,0.23583282005826606,0.07463229790367588,0.36854230580608327
5_0_14,5_0_14\synth.csv,5_0_14\train.csv,5_0_14\val.csv,5_0_14\test.csv,0.08818281340754508,0.13398266962982563,0.11485885612281259,0.03872076748972765,1.4131549819595635,0.14699557102447797,0.42830888633380604,0.09130767063792977,0.24633357080973978,0.08285712303586601,0.37280482406457355
5_1_14,5_1_14\synth.csv,5_1_14\train.csv,5_1_14\val.csv,5_1_14\test.csv,0.09161808235616886,0.14154374891637833,0.10806789245279437,0.057824714640808086,1.516389318560837,0.14478070853172312,0.38840068725044546,0.08166376557959076,0.22431853633651203,0.07779113816840441,0.3527997844354825
5_2_14,5_2_14\synth.csv,5_2_14\train.csv,5_2_14\val.csv,5_2_14\test.csv,0.11559397423170392,0.14286326195897392,0.09336879848623651,0.044885324797923606,1.232445468381736,0.14094932797744447,0.3749077547776992,0.08571266205026817,0.2175479311479616,0.08982672325624065,0.40062941534027496
5_3_14,5_3_14\synth.csv,5_3_14\train.csv,5_3_14\val.csv,5_3_14\test.csv,0.06961655148584767,0.14403738191764737,0.11073487471787809,0.050224308061968155,1.3966410367039561,0.13935593197836055,0.3913307060095734,0.08949106528440576,0.2628329164779755,0.09718513594866382,0.3818252490898545
5_4_14,5_4_14\synth.csv,5_4_14\train.csv,5_4_14\val.csv,5_4_14\test.csv,0.12232683936647226,0.13043268542686282,0.1451658438915809,0.046616185603129294,1.5199851938104787,0.14445258334916924,0.34771960710281047,0.09109736562593884,0.23583282005826606,0.0827493333945398,0.33500668995343297
6_0_14,6_0_14\synth.csv,6_0_14\train.csv,6_0_14\val.csv,6_0_14\test.csv,0.09107729447283797,0.13398266962982563,0.08838083775410216,0.029375414882855402,1.3060024544980575,0.1443316570251881,0.3852715834257292,0.09130767063792977,0.24633357080973978,0.09136635826690248,0.33042735425895237
6_1_14,6_1_14\synth.csv,6_1_14\train.csv,6_1_14\val.csv,6_1_14\test.csv,0.09412874542602312,0.14154374891637833,0.11178506639129367,0.04922700760233186,1.3467772121577275,0.16120408932156924,0.37754605520378753,0.08166376557959076,0.22431853633651203,0.08533641122701126,0.3577068507400485
6_2_14,6_2_14\synth.csv,6_2_14\train.csv,6_2_14\val.csv,6_2_14\test.csv,0.1144335542641709,0.14286326195897392,0.0888632755540415,0.03743062869723436,1.1718414425710721,0.1350932618700404,0.332494520792712,0.08571266205026817,0.2175479311479616,0.0990176720136745,0.3593048839246541
6_3_14,6_3_14\synth.csv,6_3_14\train.csv,6_3_14\val.csv,6_3_14\test.csv,0.080957975926789,0.14403738191764737,0.10744646912479638,0.04671819295446221,1.3711882964519693,0.12298382682380135,0.4266440552265714,0.08949106528440576,0.2628329164779755,0.08341457282734152,0.3680194153972242
6_4_14,6_4_14\synth.csv,6_4_14\train.csv,6_4_14\val.csv,6_4_14\test.csv,0.1223437946979169,0.13043268542686282,0.14603209187122482,0.040029403722955964,1.4780439852068932,0.1429854760699703,0.3944062479359335,0.09109736562593884,0.23583282005826606,0.08328710350798696,0.39190376686664685
7_0_14,7_0_14\synth.csv,7_0_14\train.csv,7_0_14\val.csv,7_0_14\test.csv,0.09389843581159285,0.13398266962982563,0.10745576644726662,0.028331140243461977,1.282968297612582,0.13792853336264316,0.39410171047468046,0.09130767063792977,0.24633357080973978,0.11339041579067888,0.3397821473638608
7_1_14,7_1_14\synth.csv,7_1_14\train.csv,7_1_14\val.csv,7_1_14\test.csv,0.1061450971158232,0.14154374891637833,0.05686515302526383,0.04673286217153557,1.390494836968429,0.15321570983465152,0.3968519788432795,0.08166376557959076,0.22431853633651203,0.08901420257908102,0.3387875394209233
7_2_14,7_2_14\synth.csv,7_2_14\train.csv,7_2_14\val.csv,7_2_14\test.csv,0.12147728585917483,0.14286326195897392,0.10000949888965016,0.03217225327288884,1.1303021712786427,0.13616482980628275,0.3634650589549493,0.08571266205026817,0.2175479311479616,0.07912558233870376,0.3775051974319549
7_3_14,7_3_14\synth.csv,7_3_14\train.csv,7_3_14\val.csv,7_3_14\test.csv,0.09144650000429166,0.14403738191764737,0.10452365906185844,0.04700906937951503,1.3675803182150206,0.146084214975596,0.4127388962959061,0.08949106528440576,0.2628329164779755,0.07602767302742976,0.32721819426097637
7_4_14,7_4_14\synth.csv,7_4_14\train.csv,7_4_14\val.csv,7_4_14\test.csv,0.12254716150139555,0.13043268542686282,0.14134189625213914,0.03519934843399006,1.424546545768782,0.13163892420895515,0.3337431086249302,0.09109736562593884,0.23583282005826606,0.08854721514491226,0.33382048752433335
8_0_14,8_0_14\synth.csv,8_0_14\train.csv,8_0_14\val.csv,8_0_14\test.csv,0.1061465487503449,0.13398266962982563,0.09878945417562439,0.024455055114032537,1.280336732716204,0.14225206778996458,0.40129356444891073,0.09130767063792977,0.24633357080973978,0.11439178130403709,0.3531890986514716
8_1_14,8_1_14\synth.csv,8_1_14\train.csv,8_1_14\val.csv,8_1_14\test.csv,0.11080077296183188,0.14154374891637833,0.05843044286944046,0.04162910281528805,1.5516977791612925,0.1549970905517815,0.39276388393765715,0.08166376557959076,0.22431853633651203,0.08593109168739942,0.30125945814810995
8_2_14,8_2_14\synth.csv,8_2_14\train.csv,8_2_14\val.csv,8_2_14\test.csv,0.12189373323425057,0.14286326195897392,0.10708924080157511,0.02510920339309613,1.1121284008401815,0.1503465327905018,0.3260546533144842,0.08571266205026817,0.2175479311479616,0.09985545808246518,0.3393038687461128
8_3_14,8_3_14\synth.csv,8_3_14\train.csv,8_3_14\val.csv,8_3_14\test.csv,0.10471611544059511,0.14403738191764737,0.08526918452639824,0.0418642518621625,1.4362638262583394,0.15138921613476294,0.4444092628822237,0.08949106528440576,0.2628329164779755,0.09308924217910536,0.35837371811841445
8_4_14,8_4_14\synth.csv,8_4_14\train.csv,8_4_14\val.csv,8_4_14\test.csv,0.1231517907933043,0.13043268542686282,0.0678495403997514,0.02875325569266459,1.1761878450184688,0.14276168403642903,0.3784631409521245,0.09109736562593884,0.23583282005826606,0.1067554840946677,0.360660954444164
9_0_14,9_0_14\synth.csv,9_0_14\train.csv,9_0_14\val.csv,9_0_14\test.csv,0.10709724403681686,0.13398266962982563,0.09805796520254999,0.015896785911422556,1.2360444715647814,0.1401157427927559,0.3445155724515997,0.09130767063792977,0.24633357080973978,0.10533497367510247,0.34637641821856313
9_1_14,9_1_14\synth.csv,9_1_14\train.csv,9_1_14\val.csv,9_1_14\test.csv,0.11480849552813899,0.14154374891637833,0.08210669622313128,0.03808899207322247,1.5447595138454095,0.1684707547470296,0.4119518501011815,0.08166376557959076,0.22431853633651203,0.09293369857628352,0.3405077820549266
9_2_14,9_2_14\synth.csv,9_2_14\train.csv,9_2_14\val.csv,9_2_14\test.csv,0.11896302636641709,0.14286326195897392,0.07422330459954045,0.019374035292029676,1.0576651674307067,0.15233723601867735,0.41770659338314886,0.08571266205026817,0.2175479311479616,0.11560192541984858,0.3460474476955814
9_3_14,9_3_14\synth.csv,9_3_14\train.csv,9_3_14\val.csv,9_3_14\test.csv,0.10638178024233236,0.14403738191764737,0.061495052177417485,0.038375249675830114,1.456580842714414,0.14578330165581604,0.44649944095071914,0.08949106528440576,0.2628329164779755,0.09360345103664693,0.3367431889641385
9_4_14,9_4_14\synth.csv,9_4_14\train.csv,9_4_14\val.csv,9_4_14\test.csv,0.11816242926180764,0.13043268542686282,0.05182931256302949,0.023614183433323777,1.188431592066728,0.14743944788677754,0.3946568004995139,0.09109736562593884,0.23583282005826606,0.1189819864272498,0.3868483287757895
0_0_15,0_0_15\synth.csv,0_0_15\train.csv,0_0_15\val.csv,0_0_15\test.csv,-0.18514599602524706,0.13398266962982563,0.22585788693996978,0.11028642165775934,2.1761458315737783,0.13838184615279353,0.5719432782558689,0.09130767063792977,0.24633357080973978,0.07633565013458621,0.38715323638951016
0_1_15,0_1_15\synth.csv,0_1_15\train.csv,0_1_15\val.csv,0_1_15\test.csv,-0.19414524176575365,0.14154374891637833,0.22858230211089156,0.12601034947777057,2.198719418525616,0.16088435534691903,0.5615444180624845,0.08166376557959076,0.22431853633651203,0.08180912330320889,0.36661852646099724
0_2_15,0_2_15\synth.csv,0_2_15\train.csv,0_2_15\val.csv,0_2_15\test.csv,-0.2742539827319368,0.14286326195897392,0.23497398328930905,0.11492676902924004,1.9986778203028788,0.14036827875024882,0.47892755872027304,0.08571266205026817,0.2175479311479616,0.08527524294700468,0.3282330727205086
0_3_15,0_3_15\synth.csv,0_3_15\train.csv,0_3_15\val.csv,0_3_15\test.csv,-0.2319081710252886,0.14403738191764737,0.2445512027051423,0.11041873992718254,2.159296443792299,0.12000828052109051,0.5265924647806854,0.08949106528440576,0.2628329164779755,0.07560808771442509,0.37330710518635996
0_4_15,0_4_15\synth.csv,0_4_15\train.csv,0_4_15\val.csv,0_4_15\test.csv,-0.2176623357021623,0.13043268542686282,0.216787598273849,0.11259829406549879,2.259500993692663,0.13630531389803985,0.49843059477493645,0.09109736562593884,0.23583282005826606,0.08123487510522397,0.3978420438134058
1_0_15,1_0_15\synth.csv,1_0_15\train.csv,1_0_15\val.csv,1_0_15\test.csv,0.1336195685313497,0.13398266962982563,0.16074194744528114,0.07572643436890966,1.6212857832704601,0.1467284720175461,0.4548052316366175,0.09130767063792977,0.24633357080973978,0.07611554346591595,0.3803706299600955
1_1_15,1_1_15\synth.csv,1_1_15\train.csv,1_1_15\val.csv,1_1_15\test.csv,-0.15787497580140397,0.14154374891637833,0.2350596317279882,0.10673879516381057,1.4076001610786857,0.14738348135750495,0.5171640101396626,0.08166376557959076,0.22431853633651203,0.09740942840394813,0.3511827752339197
1_2_15,1_2_15\synth.csv,1_2_15\train.csv,1_2_15\val.csv,1_2_15\test.csv,0.0856435301495474,0.14286326195897392,0.1815285478701991,0.08642300042963942,1.146097457927801,0.1363220853612566,0.4138672278909711,0.08571266205026817,0.2175479311479616,0.0741974481801953,0.3585819860337531
1_3_15,1_3_15\synth.csv,1_3_15\train.csv,1_3_15\val.csv,1_3_15\test.csv,-0.03774474640372616,0.14403738191764737,0.14785793778031026,0.09549269707702022,1.7915763784989431,0.14884134673234678,0.4717642366287469,0.08949106528440576,0.2628329164779755,0.06282646868786959,0.39107653617207205
1_4_15,1_4_15\synth.csv,1_4_15\train.csv,1_4_15\val.csv,1_4_15\test.csv,0.12294276089755607,0.13043268542686282,0.14002913511721246,0.08560920368879765,1.351388182205311,0.13306875134860266,0.43017446566344597,0.09109736562593884,0.23583282005826606,0.06838194459328734,0.38400264192346667
2_0_15,2_0_15\synth.csv,2_0_15\train.csv,2_0_15\val.csv,2_0_15\test.csv,0.04576306796456775,0.13398266962982563,0.17109401034924365,0.07615805806622009,1.2493887183660033,0.1478742808309465,0.42784996041431594,0.09130767063792977,0.24633357080973978,0.07149235755592692,0.33803571274589805
2_1_15,2_1_15\synth.csv,2_1_15\train.csv,2_1_15\val.csv,2_1_15\test.csv,0.03258280523688539,0.14154374891637833,0.13124378727788497,0.0788841198244418,1.221450185158966,0.13678775356424858,0.39099346550389524,0.08166376557959076,0.22431853633651203,0.09128525266159004,0.37832182167330136
2_2_15,2_2_15\synth.csv,2_2_15\train.csv,2_2_15\val.csv,2_2_15\test.csv,0.0871605162269451,0.14286326195897392,0.11693874063540159,0.07267539614093918,1.254406574886929,0.13582120482885124,0.406533791750432,0.08571266205026817,0.2175479311479616,0.07749808893826804,0.318677152414916
2_3_15,2_3_15\synth.csv,2_3_15\train.csv,2_3_15\val.csv,2_3_15\test.csv,0.02700467403313489,0.14403738191764737,0.14277420471112362,0.07781960796089779,1.6905537499930192,0.1372743512062354,0.4271215004086948,0.08949106528440576,0.2628329164779755,0.07466152033529419,0.371232256196859
2_4_15,2_4_15\synth.csv,2_4_15\train.csv,2_4_15\val.csv,2_4_15\test.csv,0.05806362013830557,0.13043268542686282,0.17839279126611607,0.08021203968932027,1.157671822360457,0.15048902321448065,0.44730505447971025,0.09109736562593884,0.23583282005826606,0.07603211563630036,0.33946355410948326
3_0_15,3_0_15\synth.csv,3_0_15\train.csv,3_0_15\val.csv,3_0_15\test.csv,0.03858175000263864,0.13398266962982563,0.18658436923497002,0.0637460537658294,1.333015237648241,0.14261563920135206,0.3873039126767729,0.09130767063792977,0.24633357080973978,0.07776637806929473,0.31874189462294217
3_1_15,3_1_15\synth.csv,3_1_15\train.csv,3_1_15\val.csv,3_1_15\test.csv,0.04333429961154478,0.14154374891637833,0.11674084602656482,0.07298470413738845,1.25125065404208,0.15184266474889035,0.44965626025570493,0.08166376557959076,0.22431853633651203,0.08409663911515494,0.3554190921211232
3_2_15,3_2_15\synth.csv,3_2_15\train.csv,3_2_15\val.csv,3_2_15\test.csv,0.05856990198211809,0.14286326195897392,0.12603670227016897,0.06871040707567155,1.122937936310536,0.14002468394607573,0.40606110043749444,0.08571266205026817,0.2175479311479616,0.07927715435194395,0.38436994724754603
3_3_15,3_3_15\synth.csv,3_3_15\train.csv,3_3_15\val.csv,3_3_15\test.csv,0.01895826121307842,0.14403738191764737,0.14200681456171463,0.07677037775088856,1.5016262962570486,0.12267155703499047,0.46768117206917964,0.08949106528440576,0.2628329164779755,0.08219746182517551,0.3635532320537435
3_4_15,3_4_15\synth.csv,3_4_15\train.csv,3_4_15\val.csv,3_4_15\test.csv,0.0732271207343157,0.13043268542686282,0.1815324840199303,0.06808720631692597,1.2550855488071844,0.13384101685886646,0.40233204849138327,0.09109736562593884,0.23583282005826606,0.07523296380001375,0.3641391226485198
4_0_15,4_0_15\synth.csv,4_0_15\train.csv,4_0_15\val.csv,4_0_15\test.csv,0.057446991199022746,0.13398266962982563,0.13446183682480262,0.05925138871856596,1.5840926759927774,0.1528436700537656,0.44355890350394955,0.09130767063792977,0.24633357080973978,0.07817843851436049,0.3499698477781181
4_1_15,4_1_15\synth.csv,4_1_15\train.csv,4_1_15\val.csv,4_1_15\test.csv,0.05196856039375697,0.14154374891637833,0.10990814841950292,0.06727204670118364,1.459687276809828,0.15029839287446242,0.38979397191664156,0.08166376557959076,0.22431853633651203,0.08096023447357119,0.36128718024631884
4_2_15,4_2_15\synth.csv,4_2_15\train.csv,4_2_15\val.csv,4_2_15\test.csv,0.09251618381776561,0.14286326195897392,0.10843431946907149,0.05170883164559188,1.1191232749554387,0.15333661934248816,0.3776022311574577,0.08571266205026817,0.2175479311479616,0.09418609679426583,0.3602836265567344
4_3_15,4_3_15\synth.csv,4_3_15\train.csv,4_3_15\val.csv,4_3_15\test.csv,0.04955071290835433,0.14403738191764737,0.13539827081435993,0.058141227229081514,1.6706749795711455,0.12964526683494731,0.44577042198779016,0.08949106528440576,0.2628329164779755,0.07993110660297839,0.39025402157735045
4_4_15,4_4_15\synth.csv,4_4_15\train.csv,4_4_15\val.csv,4_4_15\test.csv,0.08867998958156298,0.13043268542686282,0.1633777858918515,0.0586472509022299,1.3227988198160905,0.13433123681403447,0.32710587786416395,0.09109736562593884,0.23583282005826606,0.0812058805983725,0.36574996524029957
5_0_15,5_0_15\synth.csv,5_0_15\train.csv,5_0_15\val.csv,5_0_15\test.csv,0.07848080696368187,0.13398266962982563,0.12662216408437563,0.039632525777144566,1.4242342382101678,0.14460577365603228,0.41000150873268093,0.09130767063792977,0.24633357080973978,0.0848545170544584,0.3375858308295719
5_1_15,5_1_15\synth.csv,5_1_15\train.csv,5_1_15\val.csv,5_1_15\test.csv,0.0850511575226841,0.14154374891637833,0.10608137037484,0.059388505046428355,1.4963656293584178,0.16131541019055398,0.39400641248853097,0.08166376557959076,0.22431853633651203,0.09083519258058925,0.3654715217772214
5_2_15,5_2_15\synth.csv,5_2_15\train.csv,5_2_15\val.csv,5_2_15\test.csv,0.09918594613716747,0.14286326195897392,0.10005788286196982,0.04629076123928132,1.1678709269860188,0.1357204740348254,0.3565524262313957,0.08571266205026817,0.2175479311479616,0.09748590427112522,0.37406456500361446
5_3_15,5_3_15\synth.csv,5_3_15\train.csv,5_3_15\val.csv,5_3_15\test.csv,0.06649768360566244,0.14403738191764737,0.10829758495414288,0.05220389977569195,1.5233907050666649,0.13966748902831094,0.3598966890205315,0.08949106528440576,0.2628329164779755,0.09188822986440941,0.32845278629637836
5_4_15,5_4_15\synth.csv,5_4_15\train.csv,5_4_15\val.csv,5_4_15\test.csv,0.1316290769006334,0.13043268542686282,0.1434766940393228,0.04426507477439514,1.4745479906517935,0.13332960450905054,0.40013084023606316,0.09109736562593884,0.23583282005826606,0.08498898724189598,0.39903858969823547
6_0_15,6_0_15\synth.csv,6_0_15\train.csv,6_0_15\val.csv,6_0_15\test.csv,0.08616429731385178,0.13398266962982563,0.09040894687689364,0.031161219667906918,1.3156946516469339,0.14639143768446924,0.3917192394045432,0.09130767063792977,0.24633357080973978,0.0984811118002387,0.34807017472247054
6_1_15,6_1_15\synth.csv,6_1_15\train.csv,6_1_15\val.csv,6_1_15\test.csv,0.08477934591755831,0.14154374891637833,0.12021644623967087,0.05151745193019207,1.3045114509167923,0.14999586642143908,0.3851651522374143,0.08166376557959076,0.22431853633651203,0.09333725571566025,0.3719636100240073
6_2_15,6_2_15\synth.csv,6_2_15\train.csv,6_2_15\val.csv,6_2_15\test.csv,0.114943118688967,0.14286326195897392,0.10809978175439412,0.04039210464312584,1.1640263578942522,0.1386862790759218,0.35918120394949266,0.08571266205026817,0.2175479311479616,0.0846101958513608,0.33595499364179837
6_3_15,6_3_15\synth.csv,6_3_15\train.csv,6_3_15\val.csv,6_3_15\test.csv,0.0885077964631601,0.14403738191764737,0.10731692408398226,0.048147416066218814,1.4177788883554439,0.13287400366650484,0.35812146996659566,0.08949106528440576,0.2628329164779755,0.09779309205773862,0.37352455945589835
6_4_15,6_4_15\synth.csv,6_4_15\train.csv,6_4_15\val.csv,6_4_15\test.csv,0.13232163092547922,0.13043268542686282,0.14019414078304618,0.03735367802883839,1.3936629782230179,0.13223487651293564,0.4122266781314817,0.09109736562593884,0.23583282005826606,0.08666944494308566,0.34977473558354183
7_0_15,7_0_15\synth.csv,7_0_15\train.csv,7_0_15\val.csv,7_0_15\test.csv,0.08885466113365559,0.13398266962982563,0.1093425642021773,0.028506422162077126,1.3079818075123848,0.13773775527489518,0.4125494332416296,0.09130767063792977,0.24633357080973978,0.10264045994397161,0.3390274060433265
7_1_15,7_1_15\synth.csv,7_1_15\train.csv,7_1_15\val.csv,7_1_15\test.csv,0.09126965874597048,0.14154374891637833,0.06241964769183922,0.05133052301514686,1.382791716223579,0.1608548010850117,0.40467826626670633,0.08166376557959076,0.22431853633651203,0.08235535273677361,0.35233966496208813
7_2_15,7_2_15\synth.csv,7_2_15\train.csv,7_2_15\val.csv,7_2_15\test.csv,0.12533014674817589,0.14286326195897392,0.11294435019290767,0.03663544409308712,1.1719989907054764,0.1306028411974674,0.35097489911342394,0.08571266205026817,0.2175479311479616,0.08861755786513204,0.38680801205710325
7_3_15,7_3_15\synth.csv,7_3_15\train.csv,7_3_15\val.csv,7_3_15\test.csv,0.07531881772305549,0.14403738191764737,0.12402427789796437,0.052882538922481945,1.4719278847442454,0.13727892788388213,0.40423345688757295,0.08949106528440576,0.2628329164779755,0.09423176573766835,0.33967744159814817
7_4_15,7_4_15\synth.csv,7_4_15\train.csv,7_4_15\val.csv,7_4_15\test.csv,0.1266885976610378,0.13043268542686282,0.13042207476431575,0.032735195323367716,1.3949476540886159,0.14197900258248136,0.36871840095995756,0.09109736562593884,0.23583282005826606,0.09589090315485894,0.36430053602620194
8_0_15,8_0_15\synth.csv,8_0_15\train.csv,8_0_15\val.csv,8_0_15\test.csv,0.09463838559415183,0.13398266962982563,0.10693526316732267,0.025290946981217272,1.256218599520022,0.14427584626882717,0.384871922209138,0.09130767063792977,0.24633357080973978,0.09859192907873517,0.3365125370839843
8_1_15,8_1_15\synth.csv,8_1_15\train.csv,8_1_15\val.csv,8_1_15\test.csv,0.10728187906302533,0.14154374891637833,0.0565108345700678,0.040412856598697394,1.5332855725083268,0.16883622799797288,0.4040750154165413,0.08166376557959076,0.22431853633651203,0.09490307805811703,0.3251320926323301
8_2_15,8_2_15\synth.csv,8_2_15\train.csv,8_2_15\val.csv,8_2_15\test.csv,0.12751053383173927,0.14286326195897392,0.10514899558394791,0.03125503547278464,1.1845885949617532,0.15239085260782997,0.3815175508690378,0.08571266205026817,0.2175479311479616,0.0961549696648033,0.32478723348205796
8_3_15,8_3_15\synth.csv,8_3_15\train.csv,8_3_15\val.csv,8_3_15\test.csv,0.1005118511778249,0.14403738191764737,0.09121250520403568,0.03990968972881276,1.5307316323063724,0.13832595580043733,0.401051209985673,0.08949106528440576,0.2628329164779755,0.09137542428552464,0.32890995553335667
8_4_15,8_4_15\synth.csv,8_4_15\train.csv,8_4_15\val.csv,8_4_15\test.csv,0.11407144524792667,0.13043268542686282,0.053842154109386746,0.029780878160550223,1.2430017499449624,0.15085546114816917,0.37742989715694436,0.09109736562593884,0.23583282005826606,0.10032982338598102,0.3465140854144305
9_0_15,9_0_15\synth.csv,9_0_15\train.csv,9_0_15\val.csv,9_0_15\test.csv,0.10272045250954531,0.13398266962982563,0.09534204848944856,0.018477421725514122,1.1600577625314072,0.1467832041876806,0.3948519716610127,0.09130767063792977,0.24633357080973978,0.10580494977646525,0.34680262416180035
9_1_15,9_1_15\synth.csv,9_1_15\train.csv,9_1_15\val.csv,9_1_15\test.csv,0.11413202491834784,0.14154374891637833,0.07576523339455482,0.03751311938803047,1.4742121344331123,0.16060968603215936,0.414681460696963,0.08166376557959076,0.22431853633651203,0.11248851318691516,0.3586814835224113
9_2_15,9_2_15\synth.csv,9_2_15\train.csv,9_2_15\val.csv,9_2_15\test.csv,0.12048034637042482,0.14286326195897392,0.08853431746370628,0.023657552487669854,1.0705958447039425,0.14790680446998497,0.3806575353310814,0.08571266205026817,0.2175479311479616,0.12908580021880445,0.37313617431326795
9_3_15,9_3_15\synth.csv,9_3_15\train.csv,9_3_15\val.csv,9_3_15\test.csv,0.10791957153136267,0.14403738191764737,0.07583550824763308,0.03966584679524194,1.47837789788381,0.1459228381505026,0.43642954423513064,0.08949106528440576,0.2628329164779755,0.09382206690701228,0.3450235707353408
9_4_15,9_4_15\synth.csv,9_4_15\train.csv,9_4_15\val.csv,9_4_15\test.csv,0.12245383115930542,0.13043268542686282,0.053035773724941955,0.02471055591342087,1.2402661425485508,0.14425752104560297,0.3743116208109948,0.09109736562593884,0.23583282005826606,0.11262714657813505,0.3893668979540603
0_0_16,0_0_16\synth.csv,0_0_16\train.csv,0_0_16\val.csv,0_0_16\test.csv,-0.17490451537685336,0.13398266962982563,0.22921765007036024,0.109466321442364,2.1324670346248142,0.13743766101902313,0.5347523170445381,0.09130767063792977,0.24633357080973978,0.07527513087605477,0.3588320190838838
0_1_16,0_1_16\synth.csv,0_1_16\train.csv,0_1_16\val.csv,0_1_16\test.csv,-0.1752660349163926,0.14154374891637833,0.22820027549435365,0.12480479451553098,2.223167630916877,0.13616989674439,0.4962129950476084,0.08166376557959076,0.22431853633651203,0.08326878858679654,0.37594767785991456
0_2_16,0_2_16\synth.csv,0_2_16\train.csv,0_2_16\val.csv,0_2_16\test.csv,-0.2672635296886827,0.14286326195897392,0.23668338617644044,0.11311426240994527,1.9844714747154004,0.13525617645653942,0.4716777378279077,0.08571266205026817,0.2175479311479616,0.07443721881313842,0.36699575190989564
0_3_16,0_3_16\synth.csv,0_3_16\train.csv,0_3_16\val.csv,0_3_16\test.csv,-0.2281249534146772,0.14403738191764737,0.25087134424053575,0.10953680130164892,2.149592684647875,0.1350389358716393,0.5096553593496469,0.08949106528440576,0.2628329164779755,0.07821943334261304,0.3448033265749867
0_4_16,0_4_16\synth.csv,0_4_16\train.csv,0_4_16\val.csv,0_4_16\test.csv,-0.20597317290499983,0.13043268542686282,0.2303111538743512,0.11022159180616871,2.3245533822598134,0.13768052197409786,0.5173179403662722,0.09109736562593884,0.23583282005826606,0.061346888773363056,0.33752884696893737
1_0_16,1_0_16\synth.csv,1_0_16\train.csv,1_0_16\val.csv,1_0_16\test.csv,0.1137383948151508,0.13398266962982563,0.15800277648644126,0.07666810753187726,1.6271533928384974,0.14390134662150655,0.49214369828372084,0.09130767063792977,0.24633357080973978,0.07123372854892498,0.3458812962144221
1_1_16,1_1_16\synth.csv,1_1_16\train.csv,1_1_16\val.csv,1_1_16\test.csv,-0.15800794057728917,0.14154374891637833,0.2483563715938314,0.10407475772563148,1.4293082792109464,0.13135908962542936,0.4248096832011634,0.08166376557959076,0.22431853633651203,0.08953043546729507,0.3562913333399572
1_2_16,1_2_16\synth.csv,1_2_16\train.csv,1_2_16\val.csv,1_2_16\test.csv,0.07241677947135194,0.14286326195897392,0.19233389470990056,0.0835111196048509,1.1942687432802617,0.1317426433025327,0.49827971522301495,0.08571266205026817,0.2175479311479616,0.07156623960774089,0.3670499925177422
1_3_16,1_3_16\synth.csv,1_3_16\train.csv,1_3_16\val.csv,1_3_16\test.csv,-0.03958564342961135,0.14403738191764737,0.1516219369670942,0.09513668165317957,1.7351710035892707,0.14399691558217956,0.4815303751395102,0.08949106528440576,0.2628329164779755,0.060633531169397986,0.3592306589974798
1_4_16,1_4_16\synth.csv,1_4_16\train.csv,1_4_16\val.csv,1_4_16\test.csv,0.1420377099090302,0.13043268542686282,0.13005203427900405,0.08237071918462298,1.372315935039698,0.14595509202705514,0.4681497253373491,0.09109736562593884,0.23583282005826606,0.06683830630950797,0.32282638030404387
2_0_16,2_0_16\synth.csv,2_0_16\train.csv,2_0_16\val.csv,2_0_16\test.csv,0.06396006598850046,0.13398266962982563,0.17954035043676012,0.07479934450106994,1.204631418979897,0.14335186046207316,0.5548523027599124,0.09130767063792977,0.24633357080973978,0.07714129701286199,0.3649408013237142
2_1_16,2_1_16\synth.csv,2_1_16\train.csv,2_1_16\val.csv,2_1_16\test.csv,0.06434076825148394,0.14154374891637833,0.15386376844121388,0.07229892879019055,1.2016432415189662,0.14828084555047982,0.4306119939099471,0.08166376557959076,0.22431853633651203,0.07960896803487884,0.3744801107195778
2_2_16,2_2_16\synth.csv,2_2_16\train.csv,2_2_16\val.csv,2_2_16\test.csv,0.05087946986648295,0.14286326195897392,0.11120727317762702,0.06952066792446072,1.322686943318138,0.1370236618634893,0.44411594719261527,0.08571266205026817,0.2175479311479616,0.07726031305671713,0.38408756587476345
2_3_16,2_3_16\synth.csv,2_3_16\train.csv,2_3_16\val.csv,2_3_16\test.csv,0.027164876195154286,0.14403738191764737,0.14713600895420303,0.08084933452707249,1.5778788591436748,0.1488899474855644,0.4405166994930843,0.08949106528440576,0.2628329164779755,0.06683855936824043,0.3443511757165334
2_4_16,2_4_16\synth.csv,2_4_16\train.csv,2_4_16\val.csv,2_4_16\test.csv,0.08823184337561263,0.13043268542686282,0.1575399229044725,0.07719904343198575,1.112505500093534,0.1371102081323377,0.4732398429417934,0.09109736562593884,0.23583282005826606,0.0713919827029935,0.3566669366385944
3_0_16,3_0_16\synth.csv,3_0_16\train.csv,3_0_16\val.csv,3_0_16\test.csv,0.048464570226471326,0.13398266962982563,0.178232513090395,0.06287078940455763,1.3451474327759618,0.13577001634081393,0.3948128589654297,0.09130767063792977,0.24633357080973978,0.07956104951095565,0.3844450806495824
3_1_16,3_1_16\synth.csv,3_1_16\train.csv,3_1_16\val.csv,3_1_16\test.csv,0.073933007519979,0.14154374891637833,0.110866867832932,0.06470066493668336,1.2886951212530484,0.13965397131774743,0.3763667073698318,0.08166376557959076,0.22431853633651203,0.08045150312780155,0.3166135147681837
3_2_16,3_2_16\synth.csv,3_2_16\train.csv,3_2_16\val.csv,3_2_16\test.csv,0.022883317219722255,0.14286326195897392,0.11621732781461402,0.06930068327678135,1.1522593594932762,0.11826356661786676,0.42298567750276883,0.08571266205026817,0.2175479311479616,0.08602551951341117,0.3504963331113451
3_3_16,3_3_16\synth.csv,3_3_16\train.csv,3_3_16\val.csv,3_3_16\test.csv,-0.0016387759630724918,0.14403738191764737,0.14197854457048087,0.07886583390715246,1.4100247584689152,0.14546594170745317,0.4366979157045632,0.08949106528440576,0.2628329164779755,0.07506433377822001,0.37779036922721954
3_4_16,3_4_16\synth.csv,3_4_16\train.csv,3_4_16\val.csv,3_4_16\test.csv,0.10273024119243379,0.13043268542686282,0.16981679059633822,0.06742031758130211,1.217313868504829,0.13725506444569596,0.4076303705598836,0.09109736562593884,0.23583282005826606,0.07028070109617596,0.3474594261709404
4_0_16,4_0_16\synth.csv,4_0_16\train.csv,4_0_16\val.csv,4_0_16\test.csv,0.06450319216474787,0.13398266962982563,0.12809958677501634,0.05685008619029274,1.5278952534610604,0.14013228522113463,0.37463327845347694,0.09130767063792977,0.24633357080973978,0.07485260470885319,0.3649686384457012
4_1_16,4_1_16\synth.csv,4_1_16\train.csv,4_1_16\val.csv,4_1_16\test.csv,0.07962849390731774,0.14154374891637833,0.09835084118661415,0.05877347428708535,1.4191380172773513,0.12597708205071909,0.3847131386716256,0.08166376557959076,0.22431853633651203,0.07424475229156055,0.3275156214712548
4_2_16,4_2_16\synth.csv,4_2_16\train.csv,4_2_16\val.csv,4_2_16\test.csv,0.08163427564384551,0.14286326195897392,0.11249629487178904,0.04951751172089508,1.0879252667190171,0.1454929819803893,0.4220142231226417,0.08571266205026817,0.2175479311479616,0.0866578271745298,0.3895375889867398
4_3_16,4_3_16\synth.csv,4_3_16\train.csv,4_3_16\val.csv,4_3_16\test.csv,0.04828778367344766,0.14403738191764737,0.12394757926745859,0.057238269663106134,1.6415489618947035,0.12875633856140786,0.37080256982032633,0.08949106528440576,0.2628329164779755,0.07689668780129075,0.3844880009289791
4_4_16,4_4_16\synth.csv,4_4_16\train.csv,4_4_16\val.csv,4_4_16\test.csv,0.11175245500739694,0.13043268542686282,0.1367141480410228,0.0564887933590567,1.4095718185413828,0.14354276718464493,0.38555724243933703,0.09109736562593884,0.23583282005826606,0.07140888145805684,0.3123558563297524
5_0_16,5_0_16\synth.csv,5_0_16\train.csv,5_0_16\val.csv,5_0_16\test.csv,0.08545639582370046,0.13398266962982563,0.11723585951541603,0.03567363767371887,1.390933503758761,0.14935234985267445,0.4161226862507209,0.09130767063792977,0.24633357080973978,0.07196774328359504,0.32862384729546085
5_1_16,5_1_16\synth.csv,5_1_16\train.csv,5_1_16\val.csv,5_1_16\test.csv,0.08231251097103398,0.14154374891637833,0.1149170659660933,0.055958513159248754,1.4514017594622273,0.14475076051817104,0.36622750514664104,0.08166376557959076,0.22431853633651203,0.07438615932533607,0.3549237988314856
5_2_16,5_2_16\synth.csv,5_2_16\train.csv,5_2_16\val.csv,5_2_16\test.csv,0.10602744487511673,0.14286326195897392,0.09207549929172172,0.04589354236486256,1.1319055833910396,0.12879128485871505,0.3878227473819934,0.08571266205026817,0.2175479311479616,0.08692887673591601,0.3399489862267233
5_3_16,5_3_16\synth.csv,5_3_16\train.csv,5_3_16\val.csv,5_3_16\test.csv,0.07624445554770598,0.14403738191764737,0.10688085607039284,0.04729293770452293,1.448613951292316,0.12822290609176218,0.4088790096587085,0.08949106528440576,0.2628329164779755,0.09438293535290604,0.37831893755268003
5_4_16,5_4_16\synth.csv,5_4_16\train.csv,5_4_16\val.csv,5_4_16\test.csv,0.13003311455168864,0.13043268542686282,0.14248175708223734,0.04837560289899394,1.4608352315804416,0.14248917597715244,0.3591987838041186,0.09109736562593884,0.23583282005826606,0.0729832191973516,0.3276110773765192
6_0_16,6_0_16\synth.csv,6_0_16\train.csv,6_0_16\val.csv,6_0_16\test.csv,0.09233283924965952,0.13398266962982563,0.09987717071996212,0.027527866966410082,1.2098375805372064,0.133626489776323,0.3890040419805051,0.09130767063792977,0.24633357080973978,0.09335632581599232,0.33648004826856204
6_1_16,6_1_16\synth.csv,6_1_16\train.csv,6_1_16\val.csv,6_1_16\test.csv,0.09190417921059957,0.14154374891637833,0.10346846804256517,0.0472371674790029,1.2610881564077434,0.14784202010368847,0.38631425790512364,0.08166376557959076,0.22431853633651203,0.08509170236826558,0.33663333183984834
6_2_16,6_2_16\synth.csv,6_2_16\train.csv,6_2_16\val.csv,6_2_16\test.csv,0.10072916426425094,0.14286326195897392,0.10364095391567203,0.03890858067494575,1.0763120588413861,0.12888374047960072,0.32199162232071254,0.08571266205026817,0.2175479311479616,0.09733601251915686,0.3360465807554571
6_3_16,6_3_16\synth.csv,6_3_16\train.csv,6_3_16\val.csv,6_3_16\test.csv,0.07874027530175043,0.14403738191764737,0.1050925306191643,0.04298701691196451,1.387654958362141,0.1341586937784794,0.4266553595113759,0.08949106528440576,0.2628329164779755,0.08423563617509623,0.36366991906754154
6_4_16,6_4_16\synth.csv,6_4_16\train.csv,6_4_16\val.csv,6_4_16\test.csv,0.12430696973779398,0.13043268542686282,0.14112534175261895,0.040611708237647995,1.4086247546596367,0.1378727915177882,0.4159938125715642,0.09109736562593884,0.23583282005826606,0.0865582737212608,0.3434503092834601
7_0_16,7_0_16\synth.csv,7_0_16\train.csv,7_0_16\val.csv,7_0_16\test.csv,0.08784220681032628,0.13398266962982563,0.10662908056073032,0.026781365791763413,1.1811268265677628,0.12969491234584446,0.34864726311120925,0.09130767063792977,0.24633357080973978,0.09587376537042777,0.360890382193068
7_1_16,7_1_16\synth.csv,7_1_16\train.csv,7_1_16\val.csv,7_1_16\test.csv,0.1018417820446651,0.14154374891637833,0.05414835956959346,0.04691502986713536,1.391731288572903,0.15413804984208887,0.4217438821744965,0.08166376557959076,0.22431853633651203,0.09915058681256261,0.35666750621532317
7_2_16,7_2_16\synth.csv,7_2_16\train.csv,7_2_16\val.csv,7_2_16\test.csv,0.11285662293462773,0.14286326195897392,0.11689187921661441,0.03198450153902353,1.1939162694515646,0.14599783782131076,0.34258399715317894,0.08571266205026817,0.2175479311479616,0.09374327149663444,0.32728509261961886
7_3_16,7_3_16\synth.csv,7_3_16\train.csv,7_3_16\val.csv,7_3_16\test.csv,0.07711346357627735,0.14403738191764737,0.11047005478121037,0.04551615705433333,1.4162108126151767,0.14039035411400796,0.42926972185805057,0.08949106528440576,0.2628329164779755,0.09318340526490429,0.3468732206900511
7_4_16,7_4_16\synth.csv,7_4_16\train.csv,7_4_16\val.csv,7_4_16\test.csv,0.12187299491856796,0.13043268542686282,0.14158612726809902,0.03872810040770272,1.3486484708684712,0.1503758330970777,0.41442661226377836,0.09109736562593884,0.23583282005826606,0.09350329229519092,0.3287766037363822
8_0_16,8_0_16\synth.csv,8_0_16\train.csv,8_0_16\val.csv,8_0_16\test.csv,0.09703792287242141,0.13398266962982563,0.10493728934496598,0.024286399948489672,1.1740655684384795,0.1369318706020859,0.3697496694039768,0.09130767063792977,0.24633357080973978,0.10236994331905877,0.35367697039440726
8_1_16,8_1_16\synth.csv,8_1_16\train.csv,8_1_16\val.csv,8_1_16\test.csv,0.11526470262886945,0.14154374891637833,0.039717926559294854,0.03869130921744185,1.563040693787618,0.15240776540317225,0.40015581863162736,0.08166376557959076,0.22431853633651203,0.08492860628534907,0.3299997418062895
8_2_16,8_2_16\synth.csv,8_2_16\train.csv,8_2_16\val.csv,8_2_16\test.csv,0.10340155936803452,0.14286326195897392,0.10716223842016605,0.027136703962089278,1.1831297087450967,0.15259518229234764,0.3646943741424665,0.08571266205026817,0.2175479311479616,0.11209305822807332,0.36304289567139575
8_3_16,8_3_16\synth.csv,8_3_16\train.csv,8_3_16\val.csv,8_3_16\test.csv,0.11061263233464946,0.14403738191764737,0.08802745577968012,0.037656533810788206,1.4432857274187063,0.14410192827950824,0.4206015835765208,0.08949106528440576,0.2628329164779755,0.08990869667436834,0.3505286673383404
8_4_16,8_4_16\synth.csv,8_4_16\train.csv,8_4_16\val.csv,8_4_16\test.csv,0.11529718348914042,0.13043268542686282,0.07208725579775545,0.033264687268180146,1.165411089541125,0.1292935623570345,0.40264709647442565,0.09109736562593884,0.23583282005826606,0.09943137715664778,0.33084460490120604
9_0_16,9_0_16\synth.csv,9_0_16\train.csv,9_0_16\val.csv,9_0_16\test.csv,0.1018406347759856,0.13398266962982563,0.08738098629920261,0.015476800421090396,1.1191661350691957,0.1400582103457182,0.3414373452131548,0.09130767063792977,0.24633357080973978,0.10213625425411463,0.38353611966475565
9_1_16,9_1_16\synth.csv,9_1_16\train.csv,9_1_16\val.csv,9_1_16\test.csv,0.12066766287020825,0.14154374891637833,0.06595116012804818,0.034297537448033565,1.588571505721336,0.1559919460785094,0.40241577828796604,0.08166376557959076,0.22431853633651203,0.08295747054970619,0.3126995817933408
9_2_16,9_2_16\synth.csv,9_2_16\train.csv,9_2_16\val.csv,9_2_16\test.csv,0.10488424700244958,0.14286326195897392,0.09144530743335456,0.022559313346007703,1.0622733938477227,0.14415504231975612,0.37405085283017103,0.08571266205026817,0.2175479311479616,0.11834261895704223,0.3187532405441835
9_3_16,9_3_16\synth.csv,9_3_16\train.csv,9_3_16\val.csv,9_3_16\test.csv,0.09985927019312768,0.14403738191764737,0.06668823964379052,0.032303935793002,1.4167780930515024,0.13460284646527987,0.4019691054151305,0.08949106528440576,0.2628329164779755,0.0908298623444492,0.34296071632816366
9_4_16,9_4_16\synth.csv,9_4_16\train.csv,9_4_16\val.csv,9_4_16\test.csv,0.12704563890087228,0.13043268542686282,0.06129836483847976,0.027628014548265252,1.1656465055189258,0.13413427089743077,0.3882273660890779,0.09109736562593884,0.23583282005826606,0.10048225179353153,0.33717128987929257
0_0_17,0_0_17\synth.csv,0_0_17\train.csv,0_0_17\val.csv,0_0_17\test.csv,-0.17811030110945958,0.13398266962982563,0.2250729520834597,0.10885266469886215,2.170592944738959,0.1315868936337498,0.47713317540086675,0.09130767063792977,0.24633357080973978,0.07722961438406623,0.37410017491298475
0_1_17,0_1_17\synth.csv,0_1_17\train.csv,0_1_17\val.csv,0_1_17\test.csv,-0.16917802783358837,0.14154374891637833,0.23023023584148186,0.12092526220015723,2.137783523733328,0.14902708544269616,0.5651016792080747,0.08166376557959076,0.22431853633651203,0.08806228674743184,0.3949151729170348
0_2_17,0_2_17\synth.csv,0_2_17\train.csv,0_2_17\val.csv,0_2_17\test.csv,-0.25310469418800996,0.14286326195897392,0.24344150069807913,0.11105663670127398,1.9782156328930407,0.12401496965481884,0.5275878303658346,0.08571266205026817,0.2175479311479616,0.07778987258578952,0.3867064278952265
0_3_17,0_3_17\synth.csv,0_3_17\train.csv,0_3_17\val.csv,0_3_17\test.csv,-0.2237267046203788,0.14403738191764737,0.23881010770227387,0.11156884270323746,2.155336242248319,0.14035367272458377,0.4950481809381948,0.08949106528440576,0.2628329164779755,0.07798061004665463,0.3601350855201867
0_4_17,0_4_17\synth.csv,0_4_17\train.csv,0_4_17\val.csv,0_4_17\test.csv,-0.21300570882519954,0.13043268542686282,0.22385482530871595,0.11137123957906785,2.252750825616914,0.12294228823884895,0.4865961930530447,0.09109736562593884,0.23583282005826606,0.06814448135997439,0.36107850450926626
1_0_17,1_0_17\synth.csv,1_0_17\train.csv,1_0_17\val.csv,1_0_17\test.csv,0.12836076171134947,0.13398266962982563,0.1574516574373596,0.07435116718802634,1.593863800485676,0.13379998570852958,0.5247345817882357,0.09130767063792977,0.24633357080973978,0.07204802848109212,0.3808181993922443
1_1_17,1_1_17\synth.csv,1_1_17\train.csv,1_1_17\val.csv,1_1_17\test.csv,-0.1384007666030358,0.14154374891637833,0.24113228479530494,0.1016464716397026,1.4909560342934218,0.14514063147213302,0.5046398034042003,0.08166376557959076,0.22431853633651203,0.10608746383812867,0.3661281742861648
1_2_17,1_2_17\synth.csv,1_2_17\train.csv,1_2_17\val.csv,1_2_17\test.csv,0.09585535462114492,0.14286326195897392,0.1849652530181304,0.08132056457512078,1.147798703647771,0.12676920512785297,0.3968638708798816,0.08571266205026817,0.2175479311479616,0.07308677778357155,0.36383371074270093
1_3_17,1_3_17\synth.csv,1_3_17\train.csv,1_3_17\val.csv,1_3_17\test.csv,0.037643488625335175,0.14403738191764737,0.1489909941181411,0.09378939933919775,1.7315418012418722,0.13228887423147884,0.5020378089995668,0.08949106528440576,0.2628329164779755,0.06297373774189424,0.33542962961263856
1_4_17,1_4_17\synth.csv,1_4_17\train.csv,1_4_17\val.csv,1_4_17\test.csv,0.16442787268322778,0.13043268542686282,0.13261353574697274,0.08153006893334042,1.4379050221599796,0.1442200079902589,0.4739562769490626,0.09109736562593884,0.23583282005826606,0.07144338574971215,0.3597180629310621
2_0_17,2_0_17\synth.csv,2_0_17\train.csv,2_0_17\val.csv,2_0_17\test.csv,0.030493599644488056,0.13398266962982563,0.16153060328773552,0.07381275647042979,1.246274641792083,0.13291305911934195,0.4437401166921435,0.09130767063792977,0.24633357080973978,0.08154032053984746,0.36083105374059127
2_1_17,2_1_17\synth.csv,2_1_17\train.csv,2_1_17\val.csv,2_1_17\test.csv,0.0641065943886665,0.14154374891637833,0.15769938640917436,0.0706313136601644,1.2823496977473434,0.1490592749974117,0.4440535591012504,0.08166376557959076,0.22431853633651203,0.08874363626871298,0.3801156501701202
2_2_17,2_2_17\synth.csv,2_2_17\train.csv,2_2_17\val.csv,2_2_17\test.csv,0.07079855735614182,0.14286326195897392,0.10910689418322585,0.0659315372831487,1.285114832107414,0.14827388664176153,0.4580572173402986,0.08571266205026817,0.2175479311479616,0.07368210117294569,0.34099693524381103
2_3_17,2_3_17\synth.csv,2_3_17\train.csv,2_3_17\val.csv,2_3_17\test.csv,0.040126969961133185,0.14403738191764737,0.1387151632171307,0.07956369268804468,1.6173257175869078,0.15584934660093958,0.47666178741146387,0.08949106528440576,0.2628329164779755,0.0702679980275128,0.3423447122219932
2_4_17,2_4_17\synth.csv,2_4_17\train.csv,2_4_17\val.csv,2_4_17\test.csv,0.08156670238209995,0.13043268542686282,0.1621953924185098,0.0768389689230499,1.1653058019529894,0.14259540044312524,0.4173796618342746,0.09109736562593884,0.23583282005826606,0.07827409238385998,0.3667709250720129
3_0_17,3_0_17\synth.csv,3_0_17\train.csv,3_0_17\val.csv,3_0_17\test.csv,0.047630541062184784,0.13398266962982563,0.17591795458811813,0.061596592985447056,1.380698202019807,0.1421298853777968,0.4259798548357144,0.09130767063792977,0.24633357080973978,0.08707079503191026,0.377483278896555
3_1_17,3_1_17\synth.csv,3_1_17\train.csv,3_1_17\val.csv,3_1_17\test.csv,0.06443780538001287,0.14154374891637833,0.1023002256699334,0.06848958178098283,1.3737963136043494,0.15545636498711995,0.43853482989625236,0.08166376557959076,0.22431853633651203,0.06942169785152891,0.34717621034025625
3_2_17,3_2_17\synth.csv,3_2_17\train.csv,3_2_17\val.csv,3_2_17\test.csv,0.0885062827486579,0.14286326195897392,0.10535095370695545,0.06055004673601335,1.2237435407920434,0.13757068085172725,0.4190145310437777,0.08571266205026817,0.2175479311479616,0.08305044764405169,0.3351097604741061
3_3_17,3_3_17\synth.csv,3_3_17\train.csv,3_3_17\val.csv,3_3_17\test.csv,0.026696126379863405,0.14403738191764737,0.14179160289024986,0.07458301758581554,1.4776259104988552,0.14362913958400647,0.4484163497107355,0.08949106528440576,0.2628329164779755,0.07209811658473213,0.37810793590893116
3_4_17,3_4_17\synth.csv,3_4_17\train.csv,3_4_17\val.csv,3_4_17\test.csv,0.09589310572099319,0.13043268542686282,0.17376185277570785,0.06741665734565358,1.2808737527994933,0.1472712257127932,0.3698499874916724,0.09109736562593884,0.23583282005826606,0.07413011217282996,0.3753196026636422
4_0_17,4_0_17\synth.csv,4_0_17\train.csv,4_0_17\val.csv,4_0_17\test.csv,0.07194973823455098,0.13398266962982563,0.1196534527097044,0.05628630171269474,1.5544996420161663,0.1463708037820309,0.4284025114357759,0.09130767063792977,0.24633357080973978,0.07527845624350352,0.32271046248509794
4_1_17,4_1_17\synth.csv,4_1_17\train.csv,4_1_17\val.csv,4_1_17\test.csv,0.07973225286363805,0.14154374891637833,0.10569811213042819,0.06120315131468246,1.5304907945118469,0.14756067143354518,0.39467510463448063,0.08166376557959076,0.22431853633651203,0.07618761093360181,0.3450190787024313
4_2_17,4_2_17\synth.csv,4_2_17\train.csv,4_2_17\val.csv,4_2_17\test.csv,0.09904651432376477,0.14286326195897392,0.10149203915617507,0.04727704356339647,1.1914040389942384,0.1305556287371547,0.41222007473182753,0.08571266205026817,0.2175479311479616,0.08087461169340607,0.3228503815856958
4_3_17,4_3_17\synth.csv,4_3_17\train.csv,4_3_17\val.csv,4_3_17\test.csv,0.04870273487566157,0.14403738191764737,0.12206217853364222,0.05833160166878079,1.6627626919200127,0.14647566179052834,0.42919001265889123,0.08949106528440576,0.2628329164779755,0.07598096468976076,0.3628086636860681
4_4_17,4_4_17\synth.csv,4_4_17\train.csv,4_4_17\val.csv,4_4_17\test.csv,0.10700333847914267,0.13043268542686282,0.15561898048477996,0.05987435225414642,1.4031830001337067,0.13884009676586065,0.4133298688340957,0.09109736562593884,0.23583282005826606,0.0729338556447746,0.3577911004498048
5_0_17,5_0_17\synth.csv,5_0_17\train.csv,5_0_17\val.csv,5_0_17\test.csv,0.09231545162417465,0.13398266962982563,0.11313363995593743,0.03858765544212896,1.4140915700438044,0.1456312063294811,0.3965526760002728,0.09130767063792977,0.24633357080973978,0.08404327797549517,0.40011339110051036
5_1_17,5_1_17\synth.csv,5_1_17\train.csv,5_1_17\val.csv,5_1_17\test.csv,0.10606178559344182,0.14154374891637833,0.11078326942381161,0.05250915621789784,1.532664729194049,0.15404124583569367,0.3693282069981896,0.08166376557959076,0.22431853633651203,0.06847190026221227,0.3351190693842307
5_2_17,5_2_17\synth.csv,5_2_17\train.csv,5_2_17\val.csv,5_2_17\test.csv,0.10446712022343374,0.14286326195897392,0.10752990410408392,0.04638547483875483,1.1431572409890491,0.13959937618047888,0.3683156831740253,0.08571266205026817,0.2175479311479616,0.08035671434139133,0.36949416831034754
5_3_17,5_3_17\synth.csv,5_3_17\train.csv,5_3_17\val.csv,5_3_17\test.csv,0.09153445061006404,0.14403738191764737,0.09114713970577415,0.04940277928603855,1.535409590095158,0.14752001077857177,0.3757833141831265,0.08949106528440576,0.2628329164779755,0.0827040171039103,0.37669835847491784
5_4_17,5_4_17\synth.csv,5_4_17\train.csv,5_4_17\val.csv,5_4_17\test.csv,0.1307960076123662,0.13043268542686282,0.14422944106097083,0.05034173942243618,1.5958499825090446,0.1276145114719672,0.345629665047555,0.09109736562593884,0.23583282005826606,0.0784989176026997,0.37653367589530995
6_0_17,6_0_17\synth.csv,6_0_17\train.csv,6_0_17\val.csv,6_0_17\test.csv,0.08965998900153116,0.13398266962982563,0.08752939043509424,0.0296014892565669,1.21975499557609,0.14528635296049097,0.35664058952272826,0.09130767063792977,0.24633357080973978,0.07761637258052148,0.3290161275843098
6_1_17,6_1_17\synth.csv,6_1_17\train.csv,6_1_17\val.csv,6_1_17\test.csv,0.09785639474000862,0.14154374891637833,0.11475642531103304,0.046112391555657224,1.376151790166885,0.15849890925697327,0.4101516940611726,0.08166376557959076,0.22431853633651203,0.08111124278448431,0.3486371658861616
6_2_17,6_2_17\synth.csv,6_2_17\train.csv,6_2_17\val.csv,6_2_17\test.csv,0.1182419983339652,0.14286326195897392,0.08759263578590466,0.039464147484830285,1.1770768412917085,0.12085609053601959,0.3630812152488948,0.08571266205026817,0.2175479311479616,0.08804271840842126,0.32770704340008533
6_3_17,6_3_17\synth.csv,6_3_17\train.csv,6_3_17\val.csv,6_3_17\test.csv,0.09746401930625737,0.14403738191764737,0.08826206193582024,0.045470187003555144,1.3577360758741617,0.14250177898355829,0.42124343364410505,0.08949106528440576,0.2628329164779755,0.09784401845995461,0.3215755225946426
6_4_17,6_4_17\synth.csv,6_4_17\train.csv,6_4_17\val.csv,6_4_17\test.csv,0.128539980253069,0.13043268542686282,0.1330227990342425,0.039923969886834505,1.5458868832980297,0.1457337467829598,0.3488507301058482,0.09109736562593884,0.23583282005826606,0.08215982723817274,0.3588706800328998
7_0_17,7_0_17\synth.csv,7_0_17\train.csv,7_0_17\val.csv,7_0_17\test.csv,0.09787759128096729,0.13398266962982563,0.11033295359359781,0.02812204881673042,1.2162650877206393,0.1457142674677121,0.3788159487985605,0.09130767063792977,0.24633357080973978,0.09571939787672568,0.3638598749975612
7_1_17,7_1_17\synth.csv,7_1_17\train.csv,7_1_17\val.csv,7_1_17\test.csv,0.10310835677810282,0.14154374891637833,0.06227220040468068,0.044473917365134966,1.4380766496426727,0.14238439809734854,0.3874877316417734,0.08166376557959076,0.22431853633651203,0.0850019927539767,0.34068768715920594
7_2_17,7_2_17\synth.csv,7_2_17\train.csv,7_2_17\val.csv,7_2_17\test.csv,0.12301267751207035,0.14286326195897392,0.0939318633450668,0.03261436535408465,1.1749887624276938,0.14480770266884285,0.3435163769818911,0.08571266205026817,0.2175479311479616,0.09766919187326036,0.3499933831248454
7_3_17,7_3_17\synth.csv,7_3_17\train.csv,7_3_17\val.csv,7_3_17\test.csv,0.09601403770619688,0.14403738191764737,0.09809451398144357,0.046169871247158954,1.366880299116149,0.14608753202840336,0.42534286235605323,0.08949106528440576,0.2628329164779755,0.08532249347430146,0.3354355912211965
7_4_17,7_4_17\synth.csv,7_4_17\train.csv,7_4_17\val.csv,7_4_17\test.csv,0.1306053017225195,0.13043268542686282,0.13904643753823312,0.03736250442161134,1.4381005518182597,0.1463566590743956,0.4099638344820295,0.09109736562593884,0.23583282005826606,0.0796995558249668,0.31764433795154556
8_0_17,8_0_17\synth.csv,8_0_17\train.csv,8_0_17\val.csv,8_0_17\test.csv,0.10334383431453742,0.13398266962982563,0.09594890166702026,0.02636526009448503,1.2243721444766809,0.15588479428964097,0.3909683628796361,0.09130767063792977,0.24633357080973978,0.09954222150798894,0.33683164968748824
8_1_17,8_1_17\synth.csv,8_1_17\train.csv,8_1_17\val.csv,8_1_17\test.csv,0.10513541154674555,0.14154374891637833,0.049358205850791266,0.037332930752573934,1.5909613779460001,0.14794198350095275,0.3708034389863373,0.08166376557959076,0.22431853633651203,0.0855245757251309,0.34612873774337755
8_2_17,8_2_17\synth.csv,8_2_17\train.csv,8_2_17\val.csv,8_2_17\test.csv,0.11763941804433731,0.14286326195897392,0.09464715600330144,0.025599131233361896,1.2043498381698898,0.15285635602708492,0.3861783484193563,0.08571266205026817,0.2175479311479616,0.08915112622826502,0.34209132831085687
8_3_17,8_3_17\synth.csv,8_3_17\train.csv,8_3_17\val.csv,8_3_17\test.csv,0.11210220625963341,0.14403738191764737,0.08505792780423711,0.0376833583440605,1.4494157922103443,0.14401419663948348,0.42947826660001476,0.08949106528440576,0.2628329164779755,0.08827598707692766,0.3531074257522079
8_4_17,8_4_17\synth.csv,8_4_17\train.csv,8_4_17\val.csv,8_4_17\test.csv,0.1274667826180681,0.13043268542686282,0.0652236543208345,0.029156501444079407,1.1892770570072955,0.14105823406644458,0.385737638823645,0.09109736562593884,0.23583282005826606,0.10275888460848243,0.3426235310083525
9_0_17,9_0_17\synth.csv,9_0_17\train.csv,9_0_17\val.csv,9_0_17\test.csv,0.10657210794991434,0.13398266962982563,0.0925598061296171,0.01876865328648486,1.145945706531013,0.1382638122516893,0.3796022349259378,0.09130767063792977,0.24633357080973978,0.11445215936735181,0.3318771900935537
9_1_17,9_1_17\synth.csv,9_1_17\train.csv,9_1_17\val.csv,9_1_17\test.csv,0.11618925289751447,0.14154374891637833,0.0806850870207328,0.033841960494086075,1.5710826995111211,0.15462456195083704,0.3938102909412638,0.08166376557959076,0.22431853633651203,0.0914008742076693,0.350810144388499
9_2_17,9_2_17\synth.csv,9_2_17\train.csv,9_2_17\val.csv,9_2_17\test.csv,0.12163329344217422,0.14286326195897392,0.07033030972074465,0.017899320246667617,1.0911651468262717,0.1498148785173759,0.3730531244491924,0.08571266205026817,0.2175479311479616,0.10493605562268876,0.3323190280348908
9_3_17,9_3_17\synth.csv,9_3_17\train.csv,9_3_17\val.csv,9_3_17\test.csv,0.10708945718460128,0.14403738191764737,0.06385386066393749,0.03756984180932757,1.449579202603138,0.14694850206140753,0.4301668096263133,0.08949106528440576,0.2628329164779755,0.09230315199687321,0.3754467918906237
9_4_17,9_4_17\synth.csv,9_4_17\train.csv,9_4_17\val.csv,9_4_17\test.csv,0.12564624137761538,0.13043268542686282,0.05348949947353298,0.02563934756121515,1.1862039177695032,0.14510817533152415,0.41332685363350485,0.09109736562593884,0.23583282005826606,0.11238879273616209,0.3755097137329582
0_0_18,0_0_18\synth.csv,0_0_18\train.csv,0_0_18\val.csv,0_0_18\test.csv,-0.2028591394228232,0.13398266962982563,0.23711733777079447,0.11143608283038632,2.1850138560115173,0.14369114861887705,0.5045536299568179,0.09130767063792977,0.24633357080973978,0.07574912812956078,0.376546495168424
0_1_18,0_1_18\synth.csv,0_1_18\train.csv,0_1_18\val.csv,0_1_18\test.csv,-0.1915384399382407,0.14154374891637833,0.2266126010212627,0.12403715432585374,2.1773372680872134,0.13946556331368112,0.48782528060606956,0.08166376557959076,0.22431853633651203,0.07991363755674008,0.3540443702414805
0_2_18,0_2_18\synth.csv,0_2_18\train.csv,0_2_18\val.csv,0_2_18\test.csv,-0.27300471892612643,0.14286326195897392,0.2452349914007392,0.11333628316763257,1.9832145947420678,0.12419659007712985,0.479286287322247,0.08571266205026817,0.2175479311479616,0.08002742866774158,0.39647560198252063
0_3_18,0_3_18\synth.csv,0_3_18\train.csv,0_3_18\val.csv,0_3_18\test.csv,-0.21484367104331192,0.14403738191764737,0.2541702652444047,0.11021332660928643,2.130059831455215,0.1400792932044425,0.5019954585894812,0.08949106528440576,0.2628329164779755,0.07871734298147008,0.3689684687908268
0_4_18,0_4_18\synth.csv,0_4_18\train.csv,0_4_18\val.csv,0_4_18\test.csv,-0.21101774996183287,0.13043268542686282,0.21796262276617517,0.11066545105261263,2.2945676981389687,0.12274248595365608,0.48842343099534186,0.09109736562593884,0.23583282005826606,0.07040883483227084,0.3662571998797237
1_0_18,1_0_18\synth.csv,1_0_18\train.csv,1_0_18\val.csv,1_0_18\test.csv,0.12674147097313448,0.13398266962982563,0.16019279625635108,0.07731843879367038,1.5890313998099568,0.13494939710994996,0.43246167336374297,0.09130767063792977,0.24633357080973978,0.07275359112557765,0.3837150922826451
1_1_18,1_1_18\synth.csv,1_1_18\train.csv,1_1_18\val.csv,1_1_18\test.csv,-0.16877863037433638,0.14154374891637833,0.2506685130424799,0.10601664982894118,1.4049217520618058,0.14528776260837412,0.4817342156263772,0.08166376557959076,0.22431853633651203,0.09549415665812153,0.34661606468144013
1_2_18,1_2_18\synth.csv,1_2_18\train.csv,1_2_18\val.csv,1_2_18\test.csv,0.026899347856736644,0.14286326195897392,0.17275138516104518,0.07894254956011892,1.184272018252709,0.15058036050535445,0.4445397765958756,0.08571266205026817,0.2175479311479616,0.07792587914718224,0.34416174114462506
1_3_18,1_3_18\synth.csv,1_3_18\train.csv,1_3_18\val.csv,1_3_18\test.csv,-0.02333043522997902,0.14403738191764737,0.13907283297754844,0.09158560313548121,1.757263387624038,0.1392332520921335,0.5295326437799945,0.08949106528440576,0.2628329164779755,0.06523151983199191,0.3309728396552233
1_4_18,1_4_18\synth.csv,1_4_18\train.csv,1_4_18\val.csv,1_4_18\test.csv,0.14317045824801333,0.13043268542686282,0.11795767488400695,0.08125698080090232,1.455801746388893,0.14287379058700228,0.44649473219314284,0.09109736562593884,0.23583282005826606,0.07017209185006903,0.3372393246010371
2_0_18,2_0_18\synth.csv,2_0_18\train.csv,2_0_18\val.csv,2_0_18\test.csv,0.05041844890315139,0.13398266962982563,0.15315227738465975,0.07705909307346154,1.3126929948313213,0.13259377287736465,0.3362417582422095,0.09130767063792977,0.24633357080973978,0.0819498801650389,0.3628347113568797
2_1_18,2_1_18\synth.csv,2_1_18\train.csv,2_1_18\val.csv,2_1_18\test.csv,0.05545919933364507,0.14154374891637833,0.15394850809453553,0.07354947618465912,1.2423590777318976,0.1466706512069127,0.40877036136337114,0.08166376557959076,0.22431853633651203,0.08196427312020636,0.3364788865418611
2_2_18,2_2_18\synth.csv,2_2_18\train.csv,2_2_18\val.csv,2_2_18\test.csv,0.11084102842595367,0.14286326195897392,0.09681018971702071,0.06886129622635229,1.28125910029846,0.14314596501394308,0.45582322203869735,0.08571266205026817,0.2175479311479616,0.08699647734677482,0.36268344494133686
2_3_18,2_3_18\synth.csv,2_3_18\train.csv,2_3_18\val.csv,2_3_18\test.csv,0.036495234767737306,0.14403738191764737,0.1365716643944739,0.07911034244538998,1.665355730244738,0.15085359774450696,0.3785530053080113,0.08949106528440576,0.2628329164779755,0.07291338362601311,0.37970763049020984
2_4_18,2_4_18\synth.csv,2_4_18\train.csv,2_4_18\val.csv,2_4_18\test.csv,0.08143338838024794,0.13043268542686282,0.15828870121933167,0.07534794945920889,1.2177993918675156,0.1479799785784339,0.44304984314216833,0.09109736562593884,0.23583282005826606,0.07520090789047851,0.38732643125025473
3_0_18,3_0_18\synth.csv,3_0_18\train.csv,3_0_18\val.csv,3_0_18\test.csv,0.06692330051463802,0.13398266962982563,0.1540987045686582,0.061163915895863424,1.3658326836582129,0.1403668831373565,0.34627452303683853,0.09130767063792977,0.24633357080973978,0.07701178153513188,0.3540778782130657
3_1_18,3_1_18\synth.csv,3_1_18\train.csv,3_1_18\val.csv,3_1_18\test.csv,0.06759594870258456,0.14154374891637833,0.11060372385472145,0.06534567934153503,1.2830211424981293,0.15540411170199242,0.43323849850786406,0.08166376557959076,0.22431853633651203,0.08829965876656626,0.37677360741397314
3_2_18,3_2_18\synth.csv,3_2_18\train.csv,3_2_18\val.csv,3_2_18\test.csv,0.07506204158294405,0.14286326195897392,0.11030040826726922,0.06481103162815469,1.181179964843983,0.12527664784902945,0.44837257912165596,0.08571266205026817,0.2175479311479616,0.08504210099631872,0.3519298859634612
3_3_18,3_3_18\synth.csv,3_3_18\train.csv,3_3_18\val.csv,3_3_18\test.csv,0.011892546102613033,0.14403738191764737,0.1346278855313283,0.07532454038071933,1.460017747001748,0.13779932179640458,0.4676699142234534,0.08949106528440576,0.2628329164779755,0.06564191098724909,0.32204588270464074
3_4_18,3_4_18\synth.csv,3_4_18\train.csv,3_4_18\val.csv,3_4_18\test.csv,0.10046294064143557,0.13043268542686282,0.16429236377722592,0.06666836096704398,1.3153446135409583,0.14566962664636715,0.4476297416118624,0.09109736562593884,0.23583282005826606,0.07019658470570762,0.35638427376877224
4_0_18,4_0_18\synth.csv,4_0_18\train.csv,4_0_18\val.csv,4_0_18\test.csv,0.06004804851673562,0.13398266962982563,0.11735780726656632,0.05664513760854451,1.5450524683318576,0.13497207598868036,0.41304672757089056,0.09130767063792977,0.24633357080973978,0.07014531293329507,0.3376042952740721
4_1_18,4_1_18\synth.csv,4_1_18\train.csv,4_1_18\val.csv,4_1_18\test.csv,0.072145529162981,0.14154374891637833,0.09751625158617916,0.05939407279350693,1.4483978773143382,0.14691315848263095,0.37484751730570676,0.08166376557959076,0.22431853633651203,0.09816894165510649,0.3878746458747454
4_2_18,4_2_18\synth.csv,4_2_18\train.csv,4_2_18\val.csv,4_2_18\test.csv,0.1130943954235396,0.14286326195897392,0.11369215409569812,0.046910368070259556,1.2867790733262447,0.1479786822486331,0.37836554133907435,0.08571266205026817,0.2175479311479616,0.08667502212435946,0.36710191440837403
4_3_18,4_3_18\synth.csv,4_3_18\train.csv,4_3_18\val.csv,4_3_18\test.csv,0.03508958503637272,0.14403738191764737,0.1264382779694596,0.05928290902667995,1.5683089850097947,0.12752669069056075,0.39931609397190404,0.08949106528440576,0.2628329164779755,0.0746982057346463,0.3707966803749545
4_4_18,4_4_18\synth.csv,4_4_18\train.csv,4_4_18\val.csv,4_4_18\test.csv,0.111013169432994,0.13043268542686282,0.1548927790603039,0.05864547759287161,1.3911205225391798,0.14732258252318206,0.41945857023027655,0.09109736562593884,0.23583282005826606,0.07516874692789892,0.3681222621943161
5_0_18,5_0_18\synth.csv,5_0_18\train.csv,5_0_18\val.csv,5_0_18\test.csv,0.08855582438168397,0.13398266962982563,0.11066774085049101,0.040473803050511986,1.4050200940075517,0.12560976632569837,0.37360478165718747,0.09130767063792977,0.24633357080973978,0.07727543664291076,0.3742760387353894
5_1_18,5_1_18\synth.csv,5_1_18\train.csv,5_1_18\val.csv,5_1_18\test.csv,0.08868092230601521,0.14154374891637833,0.10016206514694702,0.05242895936130679,1.538246095235686,0.14977939126902706,0.3833372911028175,0.08166376557959076,0.22431853633651203,0.08175194920079333,0.36566598928013383
5_2_18,5_2_18\synth.csv,5_2_18\train.csv,5_2_18\val.csv,5_2_18\test.csv,0.12259435773146954,0.14286326195897392,0.08998153559051787,0.045407681990757114,1.257114612002172,0.1403309559006929,0.40322144596336473,0.08571266205026817,0.2175479311479616,0.09619724151630138,0.35084191983209334
5_3_18,5_3_18\synth.csv,5_3_18\train.csv,5_3_18\val.csv,5_3_18\test.csv,0.05865714122446608,0.14403738191764737,0.10535348051809924,0.05136238997844454,1.364468057521197,0.13397850084423912,0.3740706164210098,0.08949106528440576,0.2628329164779755,0.08035214766076156,0.3427590986324285
5_4_18,5_4_18\synth.csv,5_4_18\train.csv,5_4_18\val.csv,5_4_18\test.csv,0.15288010634923743,0.13043268542686282,0.13841259671955417,0.04955687627670575,1.5259855968372371,0.1424777035577126,0.38189520055785237,0.09109736562593884,0.23583282005826606,0.08672810492725913,0.3503485331425227
6_0_18,6_0_18\synth.csv,6_0_18\train.csv,6_0_18\val.csv,6_0_18\test.csv,0.09730060028126464,0.13398266962982563,0.09038256943173457,0.03128063216638281,1.2898994079782795,0.13776267954585425,0.3656314435128521,0.09130767063792977,0.24633357080973978,0.08293518365052159,0.32092036498273174
6_1_18,6_1_18\synth.csv,6_1_18\train.csv,6_1_18\val.csv,6_1_18\test.csv,0.09792962571641894,0.14154374891637833,0.1016257807359664,0.04518708719945719,1.4635429198592778,0.14807645415411297,0.36995692625444754,0.08166376557959076,0.22431853633651203,0.08739912419633562,0.3460188653302566
6_2_18,6_2_18\synth.csv,6_2_18\train.csv,6_2_18\val.csv,6_2_18\test.csv,0.11960891292139031,0.14286326195897392,0.09450155272961398,0.03615286424793966,1.2079325273420118,0.14205134982449807,0.3596925194019872,0.08571266205026817,0.2175479311479616,0.09343700256805108,0.3574617358183887
6_3_18,6_3_18\synth.csv,6_3_18\train.csv,6_3_18\val.csv,6_3_18\test.csv,0.05770630301226054,0.14403738191764737,0.10213124360596708,0.048314241566202,1.3276197955629212,0.14677348475266155,0.4240413039041726,0.08949106528440576,0.2628329164779755,0.07727616588703907,0.3445390386439471
6_4_18,6_4_18\synth.csv,6_4_18\train.csv,6_4_18\val.csv,6_4_18\test.csv,0.13155081329822782,0.13043268542686282,0.14198110108810627,0.042544234690935684,1.4588760054331293,0.1509231382958942,0.3668614914825965,0.09109736562593884,0.23583282005826606,0.07283291909040772,0.36466618710489557
7_0_18,7_0_18\synth.csv,7_0_18\train.csv,7_0_18\val.csv,7_0_18\test.csv,0.09374367024166763,0.13398266962982563,0.10834440960809384,0.031761348735613884,1.296421191858087,0.13827816654920744,0.3732136874891641,0.09130767063792977,0.24633357080973978,0.09726577785833221,0.3402824809140174
7_1_18,7_1_18\synth.csv,7_1_18\train.csv,7_1_18\val.csv,7_1_18\test.csv,0.09866786348350665,0.14154374891637833,0.050315001523164364,0.044781780861229664,1.4513073326758987,0.14415670123282284,0.36958027280238454,0.08166376557959076,0.22431853633651203,0.09666260776630553,0.34996138770290064
7_2_18,7_2_18\synth.csv,7_2_18\train.csv,7_2_18\val.csv,7_2_18\test.csv,0.12160116599105164,0.14286326195897392,0.10144394068057316,0.033333662710526145,1.1887395638051763,0.1614906532302383,0.39902073112159686,0.08571266205026817,0.2175479311479616,0.08359071742176968,0.33639984649506804
7_3_18,7_3_18\synth.csv,7_3_18\train.csv,7_3_18\val.csv,7_3_18\test.csv,0.04955404758144888,0.14403738191764737,0.10761741941226688,0.053976792596734435,1.3506131949733082,0.13287249796463838,0.40889726481583055,0.08949106528440576,0.2628329164779755,0.09211096720413149,0.352864939731125
7_4_18,7_4_18\synth.csv,7_4_18\train.csv,7_4_18\val.csv,7_4_18\test.csv,0.12805462537163514,0.13043268542686282,0.13487115675639275,0.04011942196947244,1.4059036028507765,0.14837654327453803,0.36489231117377335,0.09109736562593884,0.23583282005826606,0.08076808838465438,0.3568969623199978
8_0_18,8_0_18\synth.csv,8_0_18\train.csv,8_0_18\val.csv,8_0_18\test.csv,0.09995805387320011,0.13398266962982563,0.09707977705700051,0.02957993664860693,1.2905324576356931,0.14327572352477302,0.4181872271868435,0.09130767063792977,0.24633357080973978,0.09642572643936652,0.34876835550939767
8_1_18,8_1_18\synth.csv,8_1_18\train.csv,8_1_18\val.csv,8_1_18\test.csv,0.10494975121952432,0.14154374891637833,0.039694710361657636,0.03830399330548965,1.563619653040749,0.16694540212085945,0.3969506371805194,0.08166376557959076,0.22431853633651203,0.0944467642665963,0.3308339726976707
8_2_18,8_2_18\synth.csv,8_2_18\train.csv,8_2_18\val.csv,8_2_18\test.csv,0.12931431461251341,0.14286326195897392,0.09856755711741966,0.02728743284405724,1.211376265429532,0.15274388300955904,0.36672101642953536,0.08571266205026817,0.2175479311479616,0.11286148750572313,0.3554269381076032
8_3_18,8_3_18\synth.csv,8_3_18\train.csv,8_3_18\val.csv,8_3_18\test.csv,0.07439525498725597,0.14403738191764737,0.0886741246818515,0.04359046372802604,1.4256035510304932,0.14065250155195405,0.3764889318036626,0.08949106528440576,0.2628329164779755,0.08783313195171216,0.3167754240367756
8_4_18,8_4_18\synth.csv,8_4_18\train.csv,8_4_18\val.csv,8_4_18\test.csv,0.11841732030683982,0.13043268542686282,0.06322531761424356,0.03522848612390179,1.2171302672135398,0.1438670350385039,0.38010568868418393,0.09109736562593884,0.23583282005826606,0.090762542258476,0.3705912520332784
9_0_18,9_0_18\synth.csv,9_0_18\train.csv,9_0_18\val.csv,9_0_18\test.csv,0.10932536694548589,0.13398266962982563,0.0961771687631447,0.021366595292014925,1.2788725347057752,0.13937879031719375,0.39087297187307984,0.09130767063792977,0.24633357080973978,0.10692294391108374,0.3700138114624668
9_1_18,9_1_18\synth.csv,9_1_18\train.csv,9_1_18\val.csv,9_1_18\test.csv,0.12102545440601775,0.14154374891637833,0.06645950457367511,0.034193670773589674,1.5397767674033411,0.14780283317450185,0.3504998344260788,0.08166376557959076,0.22431853633651203,0.0990395720762845,0.35340175459982087
9_2_18,9_2_18\synth.csv,9_2_18\train.csv,9_2_18\val.csv,9_2_18\test.csv,0.1265860060019217,0.14286326195897392,0.06920495716437002,0.01882759051765612,1.1286847967468807,0.14616388102210653,0.35601343059109936,0.08571266205026817,0.2175479311479616,0.1160825744438353,0.3321059107354401
9_3_18,9_3_18\synth.csv,9_3_18\train.csv,9_3_18\val.csv,9_3_18\test.csv,0.07828291418878164,0.14403738191764737,0.06401085470636463,0.04105539992785643,1.4523282881783985,0.15320131956292754,0.469126754772654,0.08949106528440576,0.2628329164779755,0.09193767742213788,0.34886289652165625
9_4_18,9_4_18\synth.csv,9_4_18\train.csv,9_4_18\val.csv,9_4_18\test.csv,0.12280961493447584,0.13043268542686282,0.049018999900040376,0.0301904186609593,1.2574897047455462,0.13374278111838805,0.3744300173678643,0.09109736562593884,0.23583282005826606,0.11145168926544603,0.3809963778595693
0_0_19,0_0_19\synth.csv,0_0_19\train.csv,0_0_19\val.csv,0_0_19\test.csv,-0.1842913909119206,0.13398266962982563,0.23184037074443467,0.10909445954121186,2.163345106230782,0.13423328148649477,0.5138686929828586,0.09130767063792977,0.24633357080973978,0.07160114637457429,0.3454013075866711
0_1_19,0_1_19\synth.csv,0_1_19\train.csv,0_1_19\val.csv,0_1_19\test.csv,-0.1584722085879533,0.14154374891637833,0.21907956098736778,0.12458970613111664,2.142921409002699,0.14169322103230605,0.5179937388446714,0.08166376557959076,0.22431853633651203,0.08986189672005329,0.39154598295835585
0_2_19,0_2_19\synth.csv,0_2_19\train.csv,0_2_19\val.csv,0_2_19\test.csv,-0.27639630540149707,0.14286326195897392,0.24612779776919122,0.11113948928453485,1.9659210413460766,0.1227507411378275,0.47752081461278,0.08571266205026817,0.2175479311479616,0.08275506492794893,0.3819080206498789
0_3_19,0_3_19\synth.csv,0_3_19\train.csv,0_3_19\val.csv,0_3_19\test.csv,-0.2371589106924148,0.14403738191764737,0.25242454563334965,0.11141249625266433,2.166162921336038,0.14284582853216862,0.5457534352875076,0.08949106528440576,0.2628329164779755,0.06944457442694621,0.36826086287921594
0_4_19,0_4_19\synth.csv,0_4_19\train.csv,0_4_19\val.csv,0_4_19\test.csv,-0.20726918812536876,0.13043268542686282,0.21616481407011734,0.11063245294279164,2.260132074286617,0.11871204755128523,0.4550521175874661,0.09109736562593884,0.23583282005826606,0.07371700010864997,0.3820516638541116
1_0_19,1_0_19\synth.csv,1_0_19\train.csv,1_0_19\val.csv,1_0_19\test.csv,0.13057849169425295,0.13398266962982563,0.161900615790089,0.07552613266545653,1.6031986315342,0.12386657571485797,0.4475217372569604,0.09130767063792977,0.24633357080973978,0.0689492769324212,0.358445190567637
1_1_19,1_1_19\synth.csv,1_1_19\train.csv,1_1_19\val.csv,1_1_19\test.csv,-0.1357224629478564,0.14154374891637833,0.22688543214403725,0.10436735831518609,1.3823710817783075,0.14766664731819737,0.4962670870800725,0.08166376557959076,0.22431853633651203,0.10101876052794957,0.3609593823948797
1_2_19,1_2_19\synth.csv,1_2_19\train.csv,1_2_19\val.csv,1_2_19\test.csv,0.03799985941181172,0.14286326195897392,0.17831329161912332,0.07952427394950008,1.224619429296251,0.13511950016830937,0.3936699334837799,0.08571266205026817,0.2175479311479616,0.07095326596827518,0.3771624768147779
1_3_19,1_3_19\synth.csv,1_3_19\train.csv,1_3_19\val.csv,1_3_19\test.csv,0.05638321156885784,0.14403738191764737,0.14412944121135388,0.09609138794148953,1.7736419997840773,0.13812056908375434,0.4782341354167363,0.08949106528440576,0.2628329164779755,0.06580898723386025,0.39930267936231006
1_4_19,1_4_19\synth.csv,1_4_19\train.csv,1_4_19\val.csv,1_4_19\test.csv,0.14581234880775806,0.13043268542686282,0.1289482882377551,0.08631206694785194,1.3760597590757748,0.12627602494625997,0.40262151935981816,0.09109736562593884,0.23583282005826606,0.07257748724855033,0.3773485740759154
2_0_19,2_0_19\synth.csv,2_0_19\train.csv,2_0_19\val.csv,2_0_19\test.csv,0.02930444782159103,0.13398266962982563,0.16429499605716014,0.07729468542844409,1.3422415007483302,0.1341080232139114,0.47429960088055245,0.09130767063792977,0.24633357080973978,0.06814980989600541,0.3482531917287458
2_1_19,2_1_19\synth.csv,2_1_19\train.csv,2_1_19\val.csv,2_1_19\test.csv,0.0645874110807303,0.14154374891637833,0.14272932282501108,0.07640278133674584,1.1990255022199459,0.14743074405352646,0.423838171109446,0.08166376557959076,0.22431853633651203,0.0759656037000726,0.3003029262532382
2_2_19,2_2_19\synth.csv,2_2_19\train.csv,2_2_19\val.csv,2_2_19\test.csv,0.07131293651775361,0.14286326195897392,0.11559168695218928,0.06725647206424154,1.2440254699207012,0.14286935934484457,0.4042202573822213,0.08571266205026817,0.2175479311479616,0.07313359223882555,0.37682329910088286
2_3_19,2_3_19\synth.csv,2_3_19\train.csv,2_3_19\val.csv,2_3_19\test.csv,0.021660449960439476,0.14403738191764737,0.15249999175609827,0.08026699104021123,1.601038195522014,0.14264276883702237,0.39968405495889664,0.08949106528440576,0.2628329164779755,0.06606026311555367,0.3420122630500062
2_4_19,2_4_19\synth.csv,2_4_19\train.csv,2_4_19\val.csv,2_4_19\test.csv,0.07644567323630569,0.13043268542686282,0.17645920849535102,0.07955460667204388,1.1044580083998912,0.1353797364008147,0.45477388157264387,0.09109736562593884,0.23583282005826606,0.07592637143579162,0.36971519268483455
3_0_19,3_0_19\synth.csv,3_0_19\train.csv,3_0_19\val.csv,3_0_19\test.csv,0.061646055680902645,0.13398266962982563,0.17227620062638957,0.06415858780899639,1.3948254343253756,0.14107940186261667,0.4285014656333937,0.09130767063792977,0.24633357080973978,0.0787665760077509,0.338773323613043
3_1_19,3_1_19\synth.csv,3_1_19\train.csv,3_1_19\val.csv,3_1_19\test.csv,0.061333735334209494,0.14154374891637833,0.11559910349907991,0.06914317049970725,1.28143498482118,0.14889967556275713,0.38871858476823384,0.08166376557959076,0.22431853633651203,0.07924281204932618,0.3373679727501588
3_2_19,3_2_19\synth.csv,3_2_19\train.csv,3_2_19\val.csv,3_2_19\test.csv,0.08177743509118862,0.14286326195897392,0.1057743983685638,0.06548251616860423,1.1618426648062223,0.13772234048680976,0.38654924534342794,0.08571266205026817,0.2175479311479616,0.08052937121161076,0.3824218240499391
3_3_19,3_3_19\synth.csv,3_3_19\train.csv,3_3_19\val.csv,3_3_19\test.csv,0.0035219049702174265,0.14403738191764737,0.14806195846507453,0.07761824056354404,1.4326708795558885,0.13750499410435363,0.4250597823978658,0.08949106528440576,0.2628329164779755,0.06764947180157055,0.3823845886445957
3_4_19,3_4_19\synth.csv,3_4_19\train.csv,3_4_19\val.csv,3_4_19\test.csv,0.07939637616853346,0.13043268542686282,0.17254539614260334,0.06772318273136227,1.274537095321292,0.1472617307477879,0.44255144546544667,0.09109736562593884,0.23583282005826606,0.07256214293466233,0.3399482137527061
4_0_19,4_0_19\synth.csv,4_0_19\train.csv,4_0_19\val.csv,4_0_19\test.csv,0.06635375808471167,0.13398266962982563,0.10794676457214668,0.054859503631154855,1.6528704966128192,0.13817724686185484,0.40450570700555255,0.09130767063792977,0.24633357080973978,0.07063921114994359,0.35612551536193715
4_1_19,4_1_19\synth.csv,4_1_19\train.csv,4_1_19\val.csv,4_1_19\test.csv,0.07555309035112157,0.14154374891637833,0.11216020841694167,0.06372831434821521,1.456197994812028,0.14947905691979063,0.3933260702107728,0.08166376557959076,0.22431853633651203,0.07807827357449147,0.3884386918453408
4_2_19,4_2_19\synth.csv,4_2_19\train.csv,4_2_19\val.csv,4_2_19\test.csv,0.09713447986937573,0.14286326195897392,0.12128460498806522,0.04909098328830516,1.2049958055096024,0.14703872350525388,0.39717416688539936,0.08571266205026817,0.2175479311479616,0.08207024674258595,0.3749956330991287
4_3_19,4_3_19\synth.csv,4_3_19\train.csv,4_3_19\val.csv,4_3_19\test.csv,0.03279913605502416,0.14403738191764737,0.1187668870692891,0.059096661592480296,1.6589068191927396,0.1422151584553837,0.42885393370579467,0.08949106528440576,0.2628329164779755,0.08065325236417692,0.340427785082323
4_4_19,4_4_19\synth.csv,4_4_19\train.csv,4_4_19\val.csv,4_4_19\test.csv,0.09307971507716994,0.13043268542686282,0.17112604867219358,0.05860934990035549,1.4210059236677477,0.14530643815107777,0.40519064355859735,0.09109736562593884,0.23583282005826606,0.07843840426161786,0.32723920088855374
5_0_19,5_0_19\synth.csv,5_0_19\train.csv,5_0_19\val.csv,5_0_19\test.csv,0.08960171089366653,0.13398266962982563,0.11099592229827247,0.04122033102487723,1.499995864345416,0.14827886876514312,0.43876222432073086,0.09130767063792977,0.24633357080973978,0.08188378685665804,0.3784690564197429
5_1_19,5_1_19\synth.csv,5_1_19\train.csv,5_1_19\val.csv,5_1_19\test.csv,0.09764262902981824,0.14154374891637833,0.1014877821203199,0.055714615789248356,1.4699099186576776,0.1647528036971738,0.40492700461563813,0.08166376557959076,0.22431853633651203,0.08378841178056975,0.364807102640737
5_2_19,5_2_19\synth.csv,5_2_19\train.csv,5_2_19\val.csv,5_2_19\test.csv,0.11990427367520773,0.14286326195897392,0.09963836878034,0.04317091833163932,1.2326178690725764,0.14147303737253944,0.3782768986680951,0.08571266205026817,0.2175479311479616,0.08344084102129082,0.32678145982243567
5_3_19,5_3_19\synth.csv,5_3_19\train.csv,5_3_19\val.csv,5_3_19\test.csv,0.06464087499308735,0.14403738191764737,0.10271667975905312,0.04957527767458738,1.4847167529624845,0.137530257665366,0.4190576439517287,0.08949106528440576,0.2628329164779755,0.08350886380844302,0.34523386206899065
5_4_19,5_4_19\synth.csv,5_4_19\train.csv,5_4_19\val.csv,5_4_19\test.csv,0.12489531222813577,0.13043268542686282,0.14234279952599507,0.04573654449414647,1.5193758217439206,0.14006259312156405,0.3924466590656638,0.09109736562593884,0.23583282005826606,0.08106884020596414,0.3464241418044703
6_0_19,6_0_19\synth.csv,6_0_19\train.csv,6_0_19\val.csv,6_0_19\test.csv,0.09510141913394532,0.13398266962982563,0.08033955390550625,0.03055107615996619,1.3367345852369465,0.12885472162604644,0.37183076145253924,0.09130767063792977,0.24633357080973978,0.09122155187338013,0.29951053121808524
6_1_19,6_1_19\synth.csv,6_1_19\train.csv,6_1_19\val.csv,6_1_19\test.csv,0.09250335571696544,0.14154374891637833,0.11317513785880635,0.05041516415494069,1.3688704714858213,0.15521939418448727,0.3520700941300656,0.08166376557959076,0.22431853633651203,0.07803367795674483,0.3394826646339849
6_2_19,6_2_19\synth.csv,6_2_19\train.csv,6_2_19\val.csv,6_2_19\test.csv,0.11072614617223908,0.14286326195897392,0.09721819278219822,0.03680818172446335,1.2291651696236514,0.13529400936391023,0.36905725523112626,0.08571266205026817,0.2175479311479616,0.08123207058261814,0.3295332769106293
6_3_19,6_3_19\synth.csv,6_3_19\train.csv,6_3_19\val.csv,6_3_19\test.csv,0.07633785941249793,0.14403738191764737,0.10948419963029077,0.04488014448931977,1.3736113660362723,0.12740760953746166,0.39978979339163584,0.08949106528440576,0.2628329164779755,0.08623134234558673,0.39774576984954935
6_4_19,6_4_19\synth.csv,6_4_19\train.csv,6_4_19\val.csv,6_4_19\test.csv,0.12493244642781343,0.13043268542686282,0.13964021734650664,0.03964495051762203,1.4212204786429232,0.14402721285545195,0.332965136586447,0.09109736562593884,0.23583282005826606,0.08106822470465676,0.3717494628317418
7_0_19,7_0_19\synth.csv,7_0_19\train.csv,7_0_19\val.csv,7_0_19\test.csv,0.09734042306103652,0.13398266962982563,0.099220247116285,0.02815237063116345,1.24569649504354,0.13606583041859144,0.3620945353829325,0.09130767063792977,0.24633357080973978,0.09568851818230181,0.3141977093347351
7_1_19,7_1_19\synth.csv,7_1_19\train.csv,7_1_19\val.csv,7_1_19\test.csv,0.1068058948617645,0.14154374891637833,0.061798492709699095,0.04798860335383403,1.373386752833887,0.15101643631995834,0.3860052629697351,0.08166376557959076,0.22431853633651203,0.085026027824334,0.3590746552182029
7_2_19,7_2_19\synth.csv,7_2_19\train.csv,7_2_19\val.csv,7_2_19\test.csv,0.11344777345387036,0.14286326195897392,0.09184675668765267,0.03429519896389652,1.1873812113358027,0.14392556010013735,0.379226543854453,0.08571266205026817,0.2175479311479616,0.07565967640638784,0.34493785312965186
7_3_19,7_3_19\synth.csv,7_3_19\train.csv,7_3_19\val.csv,7_3_19\test.csv,0.0756721523187791,0.14403738191764737,0.11973318926925669,0.04813595732398528,1.2948178311002034,0.1326360722454354,0.38408720214771924,0.08949106528440576,0.2628329164779755,0.0833904692306448,0.35915806607490103
7_4_19,7_4_19\synth.csv,7_4_19\train.csv,7_4_19\val.csv,7_4_19\test.csv,0.12172219444236743,0.13043268542686282,0.133533156525363,0.03753645502022693,1.4352234400454207,0.14582246260988224,0.3797638314782301,0.09109736562593884,0.23583282005826606,0.08867427450021068,0.32755928290395664
8_0_19,8_0_19\synth.csv,8_0_19\train.csv,8_0_19\val.csv,8_0_19\test.csv,0.09795921309410038,0.13398266962982563,0.09949402231408372,0.02772031283403559,1.2581772292505413,0.14479703189661064,0.3813414277078463,0.09130767063792977,0.24633357080973978,0.11246857144238911,0.34467918238979234
8_1_19,8_1_19\synth.csv,8_1_19\train.csv,8_1_19\val.csv,8_1_19\test.csv,0.11463216289180256,0.14154374891637833,0.050990651587179525,0.039042226817604,1.519749743373337,0.1636697422416555,0.4023886828633489,0.08166376557959076,0.22431853633651203,0.08218313880497474,0.33904122655566304
8_2_19,8_2_19\synth.csv,8_2_19\train.csv,8_2_19\val.csv,8_2_19\test.csv,0.11932666060885433,0.14286326195897392,0.0901017022433328,0.028258619155760382,1.1862542857223874,0.14999701392459242,0.37804696787328307,0.08571266205026817,0.2175479311479616,0.1070705964415917,0.3430758502033584
8_3_19,8_3_19\synth.csv,8_3_19\train.csv,8_3_19\val.csv,8_3_19\test.csv,0.09395184969524073,0.14403738191764737,0.09046534057144638,0.038449271485613015,1.4305660899089414,0.14692342133314854,0.37236484843685025,0.08949106528440576,0.2628329164779755,0.08420110515159854,0.3376799853352057
8_4_19,8_4_19\synth.csv,8_4_19\train.csv,8_4_19\val.csv,8_4_19\test.csv,0.11320338204322078,0.13043268542686282,0.06455413417864453,0.03438893296473553,1.179723955469314,0.12616804464085418,0.353996008297283,0.09109736562593884,0.23583282005826606,0.09184868686821487,0.3500853501469628
9_0_19,9_0_19\synth.csv,9_0_19\train.csv,9_0_19\val.csv,9_0_19\test.csv,0.10750703035227582,0.13398266962982563,0.0884906501808847,0.018026121728237574,1.195597875347289,0.1433520748139371,0.4111584016277155,0.09130767063792977,0.24633357080973978,0.0930270213274298,0.31753524711937403
9_1_19,9_1_19\synth.csv,9_1_19\train.csv,9_1_19\val.csv,9_1_19\test.csv,0.12477901610050124,0.14154374891637833,0.0788425153935552,0.036372076000558716,1.5648141076993327,0.1625747398683849,0.38482318521550407,0.08166376557959076,0.22431853633651203,0.08971120513360399,0.3118054608471127
9_2_19,9_2_19\synth.csv,9_2_19\train.csv,9_2_19\val.csv,9_2_19\test.csv,0.12462304638757049,0.14286326195897392,0.07046222844005719,0.01995777954612402,1.0976743338752915,0.13547332303353643,0.3568561523448346,0.08571266205026817,0.2175479311479616,0.10659841427127315,0.3343170435021183
9_3_19,9_3_19\synth.csv,9_3_19\train.csv,9_3_19\val.csv,9_3_19\test.csv,0.0963445675953134,0.14403738191764737,0.06547540824951684,0.03738150268207042,1.3794288407772042,0.14997648124736881,0.4097140462788996,0.08949106528440576,0.2628329164779755,0.08658311692616807,0.3422463521603283
9_4_19,9_4_19\synth.csv,9_4_19\train.csv,9_4_19\val.csv,9_4_19\test.csv,0.11620553498887054,0.13043268542686282,0.05771621493373077,0.02886731465559991,1.2472674271667763,0.1417398857556475,0.39595973684569535,0.09109736562593884,0.23583282005826606,0.11155541421607816,0.37192867619491427
0_0_20,0_0_20\synth.csv,0_0_20\train.csv,0_0_20\val.csv,0_0_20\test.csv,-0.18496362891584672,0.13398266962982563,0.22419707115437007,0.1119262506205314,2.154264860073976,0.1397196317054833,0.5594726485154289,0.09130767063792977,0.24633357080973978,0.0751759263397487,0.3213323461795058
0_1_20,0_1_20\synth.csv,0_1_20\train.csv,0_1_20\val.csv,0_1_20\test.csv,-0.1874220676807581,0.14154374891637833,0.22401713449035854,0.12479227429335575,2.12947582151956,0.14560993196979632,0.5099763988349957,0.08166376557959076,0.22431853633651203,0.0790241195613969,0.3589309127851537
0_2_20,0_2_20\synth.csv,0_2_20\train.csv,0_2_20\val.csv,0_2_20\test.csv,-0.2705424597512258,0.14286326195897392,0.24452008288329505,0.11163628398225026,1.9892782793614987,0.1321892416096524,0.544013916115051,0.08571266205026817,0.2175479311479616,0.07026099099757072,0.34792802645711646
0_3_20,0_3_20\synth.csv,0_3_20\train.csv,0_3_20\val.csv,0_3_20\test.csv,-0.2339488457295853,0.14403738191764737,0.24712794287941944,0.11091741834083756,2.1928572218581177,0.13729122033024596,0.5091691756742168,0.08949106528440576,0.2628329164779755,0.07509102400587524,0.3849991325508454
0_4_20,0_4_20\synth.csv,0_4_20\train.csv,0_4_20\val.csv,0_4_20\test.csv,-0.1863219217721912,0.13043268542686282,0.21796345983950358,0.11121071440985877,2.308222843048069,0.1304013466575118,0.5110727932601185,0.09109736562593884,0.23583282005826606,0.069173755586439,0.3781429639861532
1_0_20,1_0_20\synth.csv,1_0_20\train.csv,1_0_20\val.csv,1_0_20\test.csv,0.08101904420324757,0.13398266962982563,0.17908870488639214,0.08283391389154043,1.546880567700438,0.14752803693336414,0.5290273375242723,0.09130767063792977,0.24633357080973978,0.0717381736364818,0.3887114635569436
1_1_20,1_1_20\synth.csv,1_1_20\train.csv,1_1_20\val.csv,1_1_20\test.csv,-0.158721416309209,0.14154374891637833,0.24148284762577757,0.10555627102603972,1.415266834010271,0.1463941843427475,0.5122369208166516,0.08166376557959076,0.22431853633651203,0.09433806294727487,0.3557409031862767
1_2_20,1_2_20\synth.csv,1_2_20\train.csv,1_2_20\val.csv,1_2_20\test.csv,0.042108596552358435,0.14286326195897392,0.1828162979625835,0.0793879041691853,1.1972142116517788,0.13697217612904983,0.4588710891380005,0.08571266205026817,0.2175479311479616,0.07288481072028631,0.4222266639503253
1_3_20,1_3_20\synth.csv,1_3_20\train.csv,1_3_20\val.csv,1_3_20\test.csv,0.05019285377647953,0.14403738191764737,0.14646974589162734,0.09454476502578038,1.7580715730398178,0.1481496410631709,0.5010456076046356,0.08949106528440576,0.2628329164779755,0.06959842797219037,0.38658236743570085
1_4_20,1_4_20\synth.csv,1_4_20\train.csv,1_4_20\val.csv,1_4_20\test.csv,0.1438279666236213,0.13043268542686282,0.12074060484410121,0.08377155100133439,1.492398302239261,0.13812626721118748,0.487124868136476,0.09109736562593884,0.23583282005826606,0.06588036988201987,0.3340962262064301
2_0_20,2_0_20\synth.csv,2_0_20\train.csv,2_0_20\val.csv,2_0_20\test.csv,0.043106867205035426,0.13398266962982563,0.18069629245916144,0.07841137967110298,1.2537971096988534,0.14611215408028794,0.42553895343620274,0.09130767063792977,0.24633357080973978,0.07207615459835816,0.35268258671363906
2_1_20,2_1_20\synth.csv,2_1_20\train.csv,2_1_20\val.csv,2_1_20\test.csv,0.062113148790185035,0.14154374891637833,0.14769635513463897,0.07394108887300405,1.2110510118203786,0.15086976182160033,0.4562180804299729,0.08166376557959076,0.22431853633651203,0.08220314411346467,0.32214059994883404
2_2_20,2_2_20\synth.csv,2_2_20\train.csv,2_2_20\val.csv,2_2_20\test.csv,0.11970143976707315,0.14286326195897392,0.1032960427185564,0.06716536038559807,1.2848531307645044,0.14162797851526826,0.4546696805575819,0.08571266205026817,0.2175479311479616,0.08159273326963956,0.36408129106582215
2_3_20,2_3_20\synth.csv,2_3_20\train.csv,2_3_20\val.csv,2_3_20\test.csv,0.12807321393640203,0.14403738191764737,0.14948856774193728,0.08034345032858706,1.7093702949904905,0.13734293920665228,0.4311478783265352,0.08949106528440576,0.2628329164779755,0.06975194557078097,0.34055354555187844
2_4_20,2_4_20\synth.csv,2_4_20\train.csv,2_4_20\val.csv,2_4_20\test.csv,0.14780219557682472,0.13043268542686282,0.161607881063309,0.07843500556819892,1.1851586464726644,0.150039895316933,0.4859009098263595,0.09109736562593884,0.23583282005826606,0.07781312554239106,0.35858230820448833
3_0_20,3_0_20\synth.csv,3_0_20\train.csv,3_0_20\val.csv,3_0_20\test.csv,0.04804862862889692,0.13398266962982563,0.17277238933428282,0.06240535915008204,1.3317161547187133,0.1489728894370383,0.4723117827783524,0.09130767063792977,0.24633357080973978,0.08106104800516208,0.36116895298670365
3_1_20,3_1_20\synth.csv,3_1_20\train.csv,3_1_20\val.csv,3_1_20\test.csv,0.05549262236462171,0.14154374891637833,0.10940269825140574,0.0674266450354228,1.3208930052879946,0.14684456854817884,0.442789444758178,0.08166376557959076,0.22431853633651203,0.07018533855875451,0.39461227681159966
3_2_20,3_2_20\synth.csv,3_2_20\train.csv,3_2_20\val.csv,3_2_20\test.csv,0.08086018174087228,0.14286326195897392,0.10632186625964628,0.06357650959691644,1.1636580485660672,0.13181918773496992,0.3760056943171409,0.08571266205026817,0.2175479311479616,0.07892380440736511,0.3288241945993359
3_3_20,3_3_20\synth.csv,3_3_20\train.csv,3_3_20\val.csv,3_3_20\test.csv,-0.007663257511193899,0.14403738191764737,0.14241024788399995,0.07925812711551847,1.4064577912598049,0.14045043785623995,0.4896785827445209,0.08949106528440576,0.2628329164779755,0.06958130208708385,0.3787841299407798
3_4_20,3_4_20\synth.csv,3_4_20\train.csv,3_4_20\val.csv,3_4_20\test.csv,0.09140347370850477,0.13043268542686282,0.17316678246904962,0.0675538352815265,1.3434544441170957,0.15025488271531018,0.4602897293572313,0.09109736562593884,0.23583282005826606,0.07501880986660373,0.3744552446198565
4_0_20,4_0_20\synth.csv,4_0_20\train.csv,4_0_20\val.csv,4_0_20\test.csv,0.07335402704001404,0.13398266962982563,0.1277806796034695,0.056850223723109446,1.5632239900256268,0.1333208902752015,0.3792333043905416,0.09130767063792977,0.24633357080973978,0.08022364510720352,0.3922587248097765
4_1_20,4_1_20\synth.csv,4_1_20\train.csv,4_1_20\val.csv,4_1_20\test.csv,0.0674348165873756,0.14154374891637833,0.11048289868845868,0.0635136209032785,1.4932396858150077,0.16013054123560772,0.4295240187225228,0.08166376557959076,0.22431853633651203,0.08115905125408163,0.3533714691296804
4_2_20,4_2_20\synth.csv,4_2_20\train.csv,4_2_20\val.csv,4_2_20\test.csv,0.10203716999405599,0.14286326195897392,0.11249795396215333,0.04614418240079991,1.2411908893307233,0.15593379773179367,0.38672324181107504,0.08571266205026817,0.2175479311479616,0.07980082700838081,0.36416473824140844
4_3_20,4_3_20\synth.csv,4_3_20\train.csv,4_3_20\val.csv,4_3_20\test.csv,0.03924591110510389,0.14403738191764737,0.1353139978803618,0.06114889105921211,1.5813962882189434,0.1391151031065667,0.3912732750479474,0.08949106528440576,0.2628329164779755,0.08214124524597338,0.34737502594310393
4_4_20,4_4_20\synth.csv,4_4_20\train.csv,4_4_20\val.csv,4_4_20\test.csv,0.10602407957293458,0.13043268542686282,0.16075810705249327,0.05770355355276042,1.3480014870770813,0.14597739530599013,0.41636032718154825,0.09109736562593884,0.23583282005826606,0.08053794216743741,0.35891341425733725
5_0_20,5_0_20\synth.csv,5_0_20\train.csv,5_0_20\val.csv,5_0_20\test.csv,0.08502415398042873,0.13398266962982563,0.11588704241560095,0.0378323762245838,1.4950168835790347,0.13676124428842806,0.37217800506886395,0.09130767063792977,0.24633357080973978,0.0787129083312053,0.36084869386142016
5_1_20,5_1_20\synth.csv,5_1_20\train.csv,5_1_20\val.csv,5_1_20\test.csv,0.08928799544740496,0.14154374891637833,0.10335279646792468,0.05423473821277387,1.532789318519989,0.1609848575320435,0.3824671953449639,0.08166376557959076,0.22431853633651203,0.07565548972091413,0.3409585383850711
5_2_20,5_2_20\synth.csv,5_2_20\train.csv,5_2_20\val.csv,5_2_20\test.csv,0.11688752616739384,0.14286326195897392,0.10620984506656457,0.046507626103933254,1.2247326208498825,0.13956383231776973,0.4128459822438476,0.08571266205026817,0.2175479311479616,0.08354850318012931,0.3812621521613997
5_3_20,5_3_20\synth.csv,5_3_20\train.csv,5_3_20\val.csv,5_3_20\test.csv,0.06058220005313464,0.14403738191764737,0.09621478395943543,0.05184412861939189,1.4049482309446426,0.12379335489624457,0.4099857109422706,0.08949106528440576,0.2628329164779755,0.08480933765181084,0.3196999586478181
5_4_20,5_4_20\synth.csv,5_4_20\train.csv,5_4_20\val.csv,5_4_20\test.csv,0.1251222153803655,0.13043268542686282,0.1479691073803594,0.047024642779741326,1.5093150015303267,0.15150345816867217,0.3740433089822588,0.09109736562593884,0.23583282005826606,0.07448048990123485,0.3036304099220121
6_0_20,6_0_20\synth.csv,6_0_20\train.csv,6_0_20\val.csv,6_0_20\test.csv,0.09773629891007929,0.13398266962982563,0.0957701012812614,0.02929349541624796,1.342030213387262,0.14203449275150887,0.4174036981740049,0.09130767063792977,0.24633357080973978,0.08457436381447699,0.3249201490581868
6_1_20,6_1_20\synth.csv,6_1_20\train.csv,6_1_20\val.csv,6_1_20\test.csv,0.08998839028111993,0.14154374891637833,0.1071799757584667,0.048421422749682114,1.396655261225786,0.14289942231036012,0.3606296715570505,0.08166376557959076,0.22431853633651203,0.09631333253723848,0.3226218269896526
6_2_20,6_2_20\synth.csv,6_2_20\train.csv,6_2_20\val.csv,6_2_20\test.csv,0.11301816971047707,0.14286326195897392,0.10070594087542317,0.035707659533658696,1.240750935470892,0.14799846780137313,0.3554913422656554,0.08571266205026817,0.2175479311479616,0.08895168711222012,0.32524467070108076
6_3_20,6_3_20\synth.csv,6_3_20\train.csv,6_3_20\val.csv,6_3_20\test.csv,0.06614058435676384,0.14403738191764737,0.10415693237528478,0.046657263346397505,1.3294652124455395,0.13857433227906502,0.41691036844687945,0.08949106528440576,0.2628329164779755,0.08826506277563717,0.3812159468404108
6_4_20,6_4_20\synth.csv,6_4_20\train.csv,6_4_20\val.csv,6_4_20\test.csv,0.12642039742390687,0.13043268542686282,0.14242508321829678,0.03706625214101811,1.3973710437980162,0.14112113086726036,0.39730205508982597,0.09109736562593884,0.23583282005826606,0.0838917406758122,0.3467757775684712
7_0_20,7_0_20\synth.csv,7_0_20\train.csv,7_0_20\val.csv,7_0_20\test.csv,0.09517587398950611,0.13398266962982563,0.10204084914518123,0.02346778961118393,1.2857655205353136,0.13800700230711446,0.35405195812150503,0.09130767063792977,0.24633357080973978,0.0850866708543419,0.34006431458368314
7_1_20,7_1_20\synth.csv,7_1_20\train.csv,7_1_20\val.csv,7_1_20\test.csv,0.09460346290779142,0.14154374891637833,0.05604067035863521,0.048189326189689095,1.3880821890872026,0.13833398652276335,0.37538908227842704,0.08166376557959076,0.22431853633651203,0.09712081595009717,0.3886708289250248
7_2_20,7_2_20\synth.csv,7_2_20\train.csv,7_2_20\val.csv,7_2_20\test.csv,0.11544619292315794,0.14286326195897392,0.10177250147322475,0.032197036389489724,1.1895582179887494,0.14612372226408948,0.36927029886852947,0.08571266205026817,0.2175479311479616,0.09376376733162617,0.31960524985160876
7_3_20,7_3_20\synth.csv,7_3_20\train.csv,7_3_20\val.csv,7_3_20\test.csv,0.06127515766368441,0.14403738191764737,0.10959662026324253,0.05215379830111529,1.3482386663878756,0.14147543346023356,0.37073737223279274,0.08949106528440576,0.2628329164779755,0.08926505226642034,0.3925520678574035
7_4_20,7_4_20\synth.csv,7_4_20\train.csv,7_4_20\val.csv,7_4_20\test.csv,0.12557936021199922,0.13043268542686282,0.13389677269820274,0.03519382706045527,1.3609064577784036,0.14635380388867336,0.40682655597317563,0.09109736562593884,0.23583282005826606,0.08805982024643924,0.3546711213056182
8_0_20,8_0_20\synth.csv,8_0_20\train.csv,8_0_20\val.csv,8_0_20\test.csv,0.09735639438579113,0.13398266962982563,0.10656025475588893,0.02307423879300136,1.2917119179467629,0.15214788441071786,0.41810883751235517,0.09130767063792977,0.24633357080973978,0.0919587776711471,0.36197247950504285
8_1_20,8_1_20\synth.csv,8_1_20\train.csv,8_1_20\val.csv,8_1_20\test.csv,0.1081980955397176,0.14154374891637833,0.03599347668719715,0.038944981084636725,1.5669458684495112,0.1504838534264711,0.36516636269674324,0.08166376557959076,0.22431853633651203,0.08355995257150617,0.33545115251022045
8_2_20,8_2_20\synth.csv,8_2_20\train.csv,8_2_20\val.csv,8_2_20\test.csv,0.12038543503820931,0.14286326195897392,0.09948064713021694,0.02610232525268156,1.1615769159560376,0.14033014505156116,0.3301089456667503,0.08571266205026817,0.2175479311479616,0.10061969514250554,0.35413425732330284
8_3_20,8_3_20\synth.csv,8_3_20\train.csv,8_3_20\val.csv,8_3_20\test.csv,0.07472169122724037,0.14403738191764737,0.08842497594765726,0.04358784345665057,1.381179762195399,0.13080070463791055,0.43159725409351524,0.08949106528440576,0.2628329164779755,0.09491151096916615,0.38824178088096784
8_4_20,8_4_20\synth.csv,8_4_20\train.csv,8_4_20\val.csv,8_4_20\test.csv,0.1141803775708411,0.13043268542686282,0.06426556463122776,0.032671623056838746,1.2861513912604832,0.14250754572510926,0.419231280821196,0.09109736562593884,0.23583282005826606,0.10183619252220649,0.39022287031603875
9_0_20,9_0_20\synth.csv,9_0_20\train.csv,9_0_20\val.csv,9_0_20\test.csv,0.10510939100532801,0.13398266962982563,0.1021303015262035,0.014752475572342527,1.2077399690944715,0.14888958710958994,0.38858070228794117,0.09130767063792977,0.24633357080973978,0.09726316221608312,0.3153010839288858
9_1_20,9_1_20\synth.csv,9_1_20\train.csv,9_1_20\val.csv,9_1_20\test.csv,0.11220711596758826,0.14154374891637833,0.0709453022262975,0.0354382680396774,1.5625651526887507,0.1549157611023172,0.3841672464722567,0.08166376557959076,0.22431853633651203,0.08910988938493716,0.35792646487332536
9_2_20,9_2_20\synth.csv,9_2_20\train.csv,9_2_20\val.csv,9_2_20\test.csv,0.11703487574952698,0.14286326195897392,0.07486125332964351,0.017146422895963555,1.08424422510261,0.14443684246574573,0.3644681172321509,0.08571266205026817,0.2175479311479616,0.11875779517153437,0.3513069053087542
9_3_20,9_3_20\synth.csv,9_3_20\train.csv,9_3_20\val.csv,9_3_20\test.csv,0.0945880295162318,0.14403738191764737,0.057249545238983436,0.040837487692190255,1.4416807092958885,0.1338608769154105,0.38624047959407337,0.08949106528440576,0.2628329164779755,0.09242773468009213,0.3664213149532541
9_4_20,9_4_20\synth.csv,9_4_20\train.csv,9_4_20\val.csv,9_4_20\test.csv,0.11716431840794561,0.13043268542686282,0.054958894565616395,0.026350348615500407,1.3308214993186316,0.13386717661870562,0.366004878329785,0.09109736562593884,0.23583282005826606,0.10264275831650327,0.3366133038767043
0_0_21,0_0_21\synth.csv,0_0_21\train.csv,0_0_21\val.csv,0_0_21\test.csv,-0.17858266823050095,0.13398266962982563,0.23213784327409623,0.10963932038103794,2.162701433248415,0.12921655712949154,0.4760735331214404,0.09130767063792977,0.24633357080973978,0.08469077850040573,0.3605100262115183
0_1_21,0_1_21\synth.csv,0_1_21\train.csv,0_1_21\val.csv,0_1_21\test.csv,-0.17161179645451363,0.14154374891637833,0.23810315961081083,0.12388463904773525,2.189164318710579,0.14981872634403004,0.543186440757832,0.08166376557959076,0.22431853633651203,0.07589614205635958,0.32573276854863864
0_2_21,0_2_21\synth.csv,0_2_21\train.csv,0_2_21\val.csv,0_2_21\test.csv,-0.2361334892674749,0.14286326195897392,0.2369180682194,0.11343039562833299,1.950394787925218,0.14297306956949885,0.5097673136602827,0.08571266205026817,0.2175479311479616,0.08682810505369346,0.39293088014073296
0_3_21,0_3_21\synth.csv,0_3_21\train.csv,0_3_21\val.csv,0_3_21\test.csv,-0.21662343771049186,0.14403738191764737,0.25295069047563673,0.1094789491696983,2.181202560515812,0.13487712616337902,0.6022258637139546,0.08949106528440576,0.2628329164779755,0.07271297146019742,0.38033494061675177
0_4_21,0_4_21\synth.csv,0_4_21\train.csv,0_4_21\val.csv,0_4_21\test.csv,-0.20715519226764578,0.13043268542686282,0.22018141943286426,0.10798087925952088,2.2761778870656197,0.11559589802422507,0.5342525247133896,0.09109736562593884,0.23583282005826606,0.07033370292561986,0.3615897222557929
1_0_21,1_0_21\synth.csv,1_0_21\train.csv,1_0_21\val.csv,1_0_21\test.csv,0.1259798806635043,0.13398266962982563,0.15085616599227783,0.07653415525072481,1.6063521159769973,0.14252608509150974,0.4678216396289371,0.09130767063792977,0.24633357080973978,0.06938417204349871,0.36568437283496363
1_1_21,1_1_21\synth.csv,1_1_21\train.csv,1_1_21\val.csv,1_1_21\test.csv,-0.14637166256645662,0.14154374891637833,0.24696894456423182,0.10503296816002392,1.3619780545089877,0.1471346052818749,0.5136250600884509,0.08166376557959076,0.22431853633651203,0.09471702670803203,0.34635489263813385
1_2_21,1_2_21\synth.csv,1_2_21\train.csv,1_2_21\val.csv,1_2_21\test.csv,0.03913025298603945,0.14286326195897392,0.1757110072058131,0.08001168218236343,1.1615663027085616,0.13649540769367446,0.4548609705650415,0.08571266205026817,0.2175479311479616,0.07000640376554039,0.30733911291061083
1_3_21,1_3_21\synth.csv,1_3_21\train.csv,1_3_21\val.csv,1_3_21\test.csv,0.05218190595529082,0.14403738191764737,0.1564941123301703,0.09359115168770352,1.777095414614045,0.1432648208777471,0.48672378022889207,0.08949106528440576,0.2628329164779755,0.06307252625609483,0.39556548097966127
1_4_21,1_4_21\synth.csv,1_4_21\train.csv,1_4_21\val.csv,1_4_21\test.csv,0.14882709764492374,0.13043268542686282,0.13466941031795088,0.08087242110034919,1.3580385248256177,0.13101893450928243,0.513396724507014,0.09109736562593884,0.23583282005826606,0.06604284517048,0.39443957378392547
2_0_21,2_0_21\synth.csv,2_0_21\train.csv,2_0_21\val.csv,2_0_21\test.csv,0.05366610785877057,0.13398266962982563,0.1610847786063734,0.07435190321516416,1.2788274322056499,0.14331977967365367,0.5140205058981913,0.09130767063792977,0.24633357080973978,0.0735197196788341,0.33214719096553547
2_1_21,2_1_21\synth.csv,2_1_21\train.csv,2_1_21\val.csv,2_1_21\test.csv,0.06250956310799582,0.14154374891637833,0.15122964582056048,0.07619403408789213,1.2482521872122538,0.14555094996865373,0.4371140706431052,0.08166376557959076,0.22431853633651203,0.08354746791865868,0.3288150567858086
2_2_21,2_2_21\synth.csv,2_2_21\train.csv,2_2_21\val.csv,2_2_21\test.csv,0.11295773891891114,0.14286326195897392,0.10259776677486375,0.0695797643469373,1.324699713711444,0.1332997093625906,0.42682491193074085,0.08571266205026817,0.2175479311479616,0.07728393265298611,0.3403451615869729
2_3_21,2_3_21\synth.csv,2_3_21\train.csv,2_3_21\val.csv,2_3_21\test.csv,0.034493503221619704,0.14403738191764737,0.14622823455031791,0.07976785993117713,1.7147083469051911,0.1493911287831663,0.37522150425676254,0.08949106528440576,0.2628329164779755,0.0667028175846708,0.3703791466128297
2_4_21,2_4_21\synth.csv,2_4_21\train.csv,2_4_21\val.csv,2_4_21\test.csv,0.0852602477053852,0.13043268542686282,0.1667998595885448,0.07682277960379186,1.1903123469494834,0.14412336455991254,0.5081503415306008,0.09109736562593884,0.23583282005826606,0.06778483562059358,0.32676353778575284
3_0_21,3_0_21\synth.csv,3_0_21\train.csv,3_0_21\val.csv,3_0_21\test.csv,0.060630017418949356,0.13398266962982563,0.17163907370650677,0.062054677518091544,1.4201389504637223,0.1457880901427041,0.4229962984515945,0.09130767063792977,0.24633357080973978,0.07841382125115223,0.33538714322299884
3_1_21,3_1_21\synth.csv,3_1_21\train.csv,3_1_21\val.csv,3_1_21\test.csv,0.06076081496410668,0.14154374891637833,0.10126996029934308,0.06878363178694051,1.3886804046281775,0.1550707856928344,0.398503640225211,0.08166376557959076,0.22431853633651203,0.08404714580099766,0.4088332337832188
3_2_21,3_2_21\synth.csv,3_2_21\train.csv,3_2_21\val.csv,3_2_21\test.csv,0.05604663620417849,0.14286326195897392,0.1296300786526017,0.06570646586790185,1.08708476224445,0.13126214194140404,0.4270339060977544,0.08571266205026817,0.2175479311479616,0.08553193818292283,0.3733368506766507
3_3_21,3_3_21\synth.csv,3_3_21\train.csv,3_3_21\val.csv,3_3_21\test.csv,0.03488933123350002,0.14403738191764737,0.1483688666923232,0.07289825675335598,1.5271178107981516,0.15204570685838287,0.4446923832827506,0.08949106528440576,0.2628329164779755,0.0731978606693082,0.3359412773966351
3_4_21,3_4_21\synth.csv,3_4_21\train.csv,3_4_21\val.csv,3_4_21\test.csv,0.09577539346765174,0.13043268542686282,0.16581268137140456,0.06345559735778425,1.2855273456834244,0.14993606877496546,0.40840321418124903,0.09109736562593884,0.23583282005826606,0.07109163766859175,0.36389282578902066
4_0_21,4_0_21\synth.csv,4_0_21\train.csv,4_0_21\val.csv,4_0_21\test.csv,0.06235610190381513,0.13398266962982563,0.12955496655418397,0.05793235322499978,1.4786791809169992,0.14622492390852782,0.4434838387038528,0.09130767063792977,0.24633357080973978,0.07575483894213123,0.34711097679988423
4_1_21,4_1_21\synth.csv,4_1_21\train.csv,4_1_21\val.csv,4_1_21\test.csv,0.07305126955881369,0.14154374891637833,0.11251703772725091,0.060218062411494744,1.481085086387863,0.16048205361320028,0.3699978854369924,0.08166376557959076,0.22431853633651203,0.07137213015624252,0.3467073406866463
4_2_21,4_2_21\synth.csv,4_2_21\train.csv,4_2_21\val.csv,4_2_21\test.csv,0.11642223645946947,0.14286326195897392,0.10968879117390806,0.04603630159889896,1.211929178393921,0.13797769221812153,0.3716841191506918,0.08571266205026817,0.2175479311479616,0.09503615461540985,0.36597211322682577
4_3_21,4_3_21\synth.csv,4_3_21\train.csv,4_3_21\val.csv,4_3_21\test.csv,0.06529153224256934,0.14403738191764737,0.13246683508037405,0.05754040354498739,1.6575489205139426,0.14544848231039043,0.43301760080028473,0.08949106528440576,0.2628329164779755,0.07697127434321654,0.3457375478896953
4_4_21,4_4_21\synth.csv,4_4_21\train.csv,4_4_21\val.csv,4_4_21\test.csv,0.10948414541618257,0.13043268542686282,0.14853456693091294,0.054450477522758035,1.3998803592127116,0.14191100988820363,0.4195006234417822,0.09109736562593884,0.23583282005826606,0.08134616520472658,0.3658415361737444
5_0_21,5_0_21\synth.csv,5_0_21\train.csv,5_0_21\val.csv,5_0_21\test.csv,0.08537442858496991,0.13398266962982563,0.12752264857034953,0.03951618756730865,1.3422579666010783,0.139905535041409,0.37107391618148156,0.09130767063792977,0.24633357080973978,0.08174455677838252,0.33124019581591424
5_1_21,5_1_21\synth.csv,5_1_21\train.csv,5_1_21\val.csv,5_1_21\test.csv,0.08677918806253815,0.14154374891637833,0.11322424847149833,0.05062373439639121,1.5117809924151993,0.16587600210721093,0.42511344897795056,0.08166376557959076,0.22431853633651203,0.07759619616074609,0.3632881458715058
5_2_21,5_2_21\synth.csv,5_2_21\train.csv,5_2_21\val.csv,5_2_21\test.csv,0.11809419154775347,0.14286326195897392,0.10735230173022121,0.04219965870277655,1.1915092439981267,0.14318390399848108,0.3920287780209757,0.08571266205026817,0.2175479311479616,0.08383903634892417,0.33370985242486206
5_3_21,5_3_21\synth.csv,5_3_21\train.csv,5_3_21\val.csv,5_3_21\test.csv,0.08695052768973288,0.14403738191764737,0.09540276871499742,0.05000335792953539,1.5238490098971946,0.12533449815837255,0.37015548997010206,0.08949106528440576,0.2628329164779755,0.09117381472835487,0.3394194834897631
5_4_21,5_4_21\synth.csv,5_4_21\train.csv,5_4_21\val.csv,5_4_21\test.csv,0.12187494717640512,0.13043268542686282,0.13990468876932333,0.043083096755376526,1.5492268083745224,0.13107508196302992,0.30986593323062483,0.09109736562593884,0.23583282005826606,0.07849837972824514,0.3320639552879907
6_0_21,6_0_21\synth.csv,6_0_21\train.csv,6_0_21\val.csv,6_0_21\test.csv,0.09104153173885055,0.13398266962982563,0.09259466022848234,0.032586020317510886,1.2983832893003124,0.12246543161868345,0.3912152720822676,0.09130767063792977,0.24633357080973978,0.0818680788174753,0.3486072240990844
6_1_21,6_1_21\synth.csv,6_1_21\train.csv,6_1_21\val.csv,6_1_21\test.csv,0.09809178683269859,0.14154374891637833,0.11900977498628879,0.046799252743248754,1.4374483053168876,0.15010571278402587,0.3673468844932921,0.08166376557959076,0.22431853633651203,0.08285537725292054,0.35678198743299083
6_2_21,6_2_21\synth.csv,6_2_21\train.csv,6_2_21\val.csv,6_2_21\test.csv,0.13047102988195158,0.14286326195897392,0.08658281722782209,0.036749167450767645,1.2391224897399573,0.14413781001807333,0.38995954668042393,0.08571266205026817,0.2175479311479616,0.07902237855807993,0.32996433032365535
6_3_21,6_3_21\synth.csv,6_3_21\train.csv,6_3_21\val.csv,6_3_21\test.csv,0.09989199624515477,0.14403738191764737,0.10533306880401128,0.04465536589758212,1.4468874748652398,0.13989746511196594,0.4316426013949154,0.08949106528440576,0.2628329164779755,0.09070126439149108,0.33529884789146347
6_4_21,6_4_21\synth.csv,6_4_21\train.csv,6_4_21\val.csv,6_4_21\test.csv,0.11836577665392856,0.13043268542686282,0.13011064379382384,0.03613650262339532,1.5180455255979561,0.1424970725118874,0.38443580748087236,0.09109736562593884,0.23583282005826606,0.07901516746958051,0.34526590799685397
7_0_21,7_0_21\synth.csv,7_0_21\train.csv,7_0_21\val.csv,7_0_21\test.csv,0.09079293361381124,0.13398266962982563,0.10402255048204156,0.02745529962700406,1.2128144732373998,0.132120778098686,0.3950384491444766,0.09130767063792977,0.24633357080973978,0.08975821869205457,0.33383878810309614
7_1_21,7_1_21\synth.csv,7_1_21\train.csv,7_1_21\val.csv,7_1_21\test.csv,0.10560532147359492,0.14154374891637833,0.07371553294847054,0.0454881691772225,1.380523596956932,0.14301767620986117,0.3714644847145281,0.08166376557959076,0.22431853633651203,0.08258940687606274,0.35010163688524054
7_2_21,7_2_21\synth.csv,7_2_21\train.csv,7_2_21\val.csv,7_2_21\test.csv,0.12763410458583058,0.14286326195897392,0.09065783853617289,0.034406312818622706,1.110491703596668,0.13258158031773173,0.35742595543532435,0.08571266205026817,0.2175479311479616,0.08924126633564532,0.3155643797508977
7_3_21,7_3_21\synth.csv,7_3_21\train.csv,7_3_21\val.csv,7_3_21\test.csv,0.08749161253169879,0.14403738191764737,0.11268331157030718,0.048130474109301276,1.4291123568411281,0.14651628654988968,0.4215212795122011,0.08949106528440576,0.2628329164779755,0.08420015345780038,0.3705173084440607
7_4_21,7_4_21\synth.csv,7_4_21\train.csv,7_4_21\val.csv,7_4_21\test.csv,0.1198815978551595,0.13043268542686282,0.1368537373283983,0.032655075918484905,1.4042330666499248,0.1446697331009671,0.36799559157061995,0.09109736562593884,0.23583282005826606,0.08875441442540451,0.33426122899688915
8_0_21,8_0_21\synth.csv,8_0_21\train.csv,8_0_21\val.csv,8_0_21\test.csv,0.09886194642286217,0.13398266962982563,0.10315534303418512,0.028133358638762464,1.1981598982190513,0.13871504249984082,0.37327553874088665,0.09130767063792977,0.24633357080973978,0.09783484030441938,0.39858185976987803
8_1_21,8_1_21\synth.csv,8_1_21\train.csv,8_1_21\val.csv,8_1_21\test.csv,0.12011111648288286,0.14154374891637833,0.06105300951372414,0.03770235680360869,1.4783796228483719,0.16381300204384502,0.3811039842849425,0.08166376557959076,0.22431853633651203,0.0836949114026182,0.3742442603659694
8_2_21,8_2_21\synth.csv,8_2_21\train.csv,8_2_21\val.csv,8_2_21\test.csv,0.11799208245859993,0.14286326195897392,0.10024111464168252,0.029301926919596884,1.1085903924274851,0.14766277635307049,0.3995155015127657,0.08571266205026817,0.2175479311479616,0.09347403661131354,0.3391647821773359
8_3_21,8_3_21\synth.csv,8_3_21\train.csv,8_3_21\val.csv,8_3_21\test.csv,0.10164198189738671,0.14403738191764737,0.09224175613172085,0.039715761376109326,1.479821078234771,0.12793705181665366,0.38090210926444934,0.08949106528440576,0.2628329164779755,0.1019303366405942,0.34188624818842284
8_4_21,8_4_21\synth.csv,8_4_21\train.csv,8_4_21\val.csv,8_4_21\test.csv,0.11329383425167006,0.13043268542686282,0.05609953345768957,0.02788296534559165,1.2210456304138797,0.1395891188174061,0.4022144600247153,0.09109736562593884,0.23583282005826606,0.10458768658080485,0.3515929368560932
9_0_21,9_0_21\synth.csv,9_0_21\train.csv,9_0_21\val.csv,9_0_21\test.csv,0.1033113285826871,0.13398266962982563,0.08869165268045974,0.017971277425142207,1.1262630241676497,0.13630992974232886,0.3685900373742972,0.09130767063792977,0.24633357080973978,0.09614452246361174,0.3382963260522221
9_1_21,9_1_21\synth.csv,9_1_21\train.csv,9_1_21\val.csv,9_1_21\test.csv,0.12628158493632302,0.14154374891637833,0.07724398848088408,0.03389607671017001,1.5287425985497745,0.16389363699583043,0.429232709904817,0.08166376557959076,0.22431853633651203,0.08979428451096211,0.3765734446168875
9_2_21,9_2_21\synth.csv,9_2_21\train.csv,9_2_21\val.csv,9_2_21\test.csv,0.12168662909205064,0.14286326195897392,0.06446751715358248,0.02038772901042538,0.9974200053512858,0.15074175279602325,0.3721098811803756,0.08571266205026817,0.2175479311479616,0.11296114902594528,0.3550366958978937
9_3_21,9_3_21\synth.csv,9_3_21\train.csv,9_3_21\val.csv,9_3_21\test.csv,0.1133806287209147,0.14403738191764737,0.07047088812574594,0.03621734923699059,1.4533358252769555,0.147740970324867,0.4253155280066968,0.08949106528440576,0.2628329164779755,0.09158487436726043,0.3455400730684194
9_4_21,9_4_21\synth.csv,9_4_21\train.csv,9_4_21\val.csv,9_4_21\test.csv,0.1157560404209943,0.13043268542686282,0.05243617456182332,0.0248112842519331,1.1945533351140767,0.14401651011802602,0.41261859484629315,0.09109736562593884,0.23583282005826606,0.10797507610905084,0.33781810067937673
0_0_22,0_0_22\synth.csv,0_0_22\train.csv,0_0_22\val.csv,0_0_22\test.csv,-0.17210415554594927,0.13398266962982563,0.23391988659881677,0.11308049785739727,2.1546549654558316,0.14066426983896083,0.5519149964483157,0.09130767063792977,0.24633357080973978,0.07528157646684099,0.3799056196423982
0_1_22,0_1_22\synth.csv,0_1_22\train.csv,0_1_22\val.csv,0_1_22\test.csv,-0.18233647014998922,0.14154374891637833,0.22436548950079346,0.127465939274146,2.175517551354599,0.1454288353608487,0.54254308680923,0.08166376557959076,0.22431853633651203,0.079327393885482,0.3595354822150828
0_2_22,0_2_22\synth.csv,0_2_22\train.csv,0_2_22\val.csv,0_2_22\test.csv,-0.25170252485643885,0.14286326195897392,0.23725116399719923,0.11543942147969559,2.015295098699469,0.13916436027791623,0.452938465885669,0.08571266205026817,0.2175479311479616,0.0727509806145509,0.34287413705718284
0_3_22,0_3_22\synth.csv,0_3_22\train.csv,0_3_22\val.csv,0_3_22\test.csv,-0.22338972682346125,0.14403738191764737,0.2688276164690034,0.11217699948207008,2.156030724818289,0.1375462922986091,0.5058685973925268,0.08949106528440576,0.2628329164779755,0.06939519863202649,0.3600050752414017
0_4_22,0_4_22\synth.csv,0_4_22\train.csv,0_4_22\val.csv,0_4_22\test.csv,-0.21858579071908557,0.13043268542686282,0.2153072407725467,0.1113376160228196,2.261397341932114,0.14078902458358106,0.5304814966391298,0.09109736562593884,0.23583282005826606,0.07053752135749862,0.37996409396010855
1_0_22,1_0_22\synth.csv,1_0_22\train.csv,1_0_22\val.csv,1_0_22\test.csv,0.11042861770225154,0.13398266962982563,0.16319486835454614,0.0809457705459507,1.626848815137998,0.13482716681983936,0.5058174835698719,0.09130767063792977,0.24633357080973978,0.06854567465144244,0.3787167119510303
1_1_22,1_1_22\synth.csv,1_1_22\train.csv,1_1_22\val.csv,1_1_22\test.csv,-0.15831356224446824,0.14154374891637833,0.23724607385197174,0.10806469192377655,1.420134920997305,0.14589755242689262,0.47043109307449904,0.08166376557959076,0.22431853633651203,0.11767641308661128,0.39315655742697386
1_2_22,1_2_22\synth.csv,1_2_22\train.csv,1_2_22\val.csv,1_2_22\test.csv,0.026144234249910303,0.14286326195897392,0.18207955220401592,0.08290690132625005,1.1991667153658638,0.14797135452798452,0.4566535668034074,0.08571266205026817,0.2175479311479616,0.07179205164746146,0.3820828276720456
1_3_22,1_3_22\synth.csv,1_3_22\train.csv,1_3_22\val.csv,1_3_22\test.csv,0.024672429698259224,0.14403738191764737,0.16063870843560424,0.10093445004612343,1.804289429199267,0.13712323558431852,0.5161196667851987,0.08949106528440576,0.2628329164779755,0.060842090525465096,0.3383179324465207
1_4_22,1_4_22\synth.csv,1_4_22\train.csv,1_4_22\val.csv,1_4_22\test.csv,0.1295093741393899,0.13043268542686282,0.12702632832413677,0.08428047576559598,1.4089855140292924,0.1326659821924266,0.49779136557260373,0.09109736562593884,0.23583282005826606,0.06840480858049645,0.3997228947661239
2_0_22,2_0_22\synth.csv,2_0_22\train.csv,2_0_22\val.csv,2_0_22\test.csv,0.07458112642348069,0.13398266962982563,0.17564561958071753,0.07806344348248624,1.2322893458239552,0.14336133591024516,0.45943309945014366,0.09130767063792977,0.24633357080973978,0.07627642395231309,0.35477260529685184
2_1_22,2_1_22\synth.csv,2_1_22\train.csv,2_1_22\val.csv,2_1_22\test.csv,0.05493975682618457,0.14154374891637833,0.14442603567362358,0.0797522853244899,1.2434741502733708,0.15665420815376055,0.4955411265163632,0.08166376557959076,0.22431853633651203,0.07486569764970644,0.31170176339065964
2_2_22,2_2_22\synth.csv,2_2_22\train.csv,2_2_22\val.csv,2_2_22\test.csv,0.10418112835332283,0.14286326195897392,0.11194313261162885,0.07092715392533193,1.2601876069650801,0.13120007364214203,0.43329558592408846,0.08571266205026817,0.2175479311479616,0.08870849244681807,0.3877674767456334
2_3_22,2_3_22\synth.csv,2_3_22\train.csv,2_3_22\val.csv,2_3_22\test.csv,0.018334493779125882,0.14403738191764737,0.1530872984558679,0.08434527299069307,1.6507432477675774,0.1375587222367639,0.3978301045676172,0.08949106528440576,0.2628329164779755,0.06990162414963516,0.37783126883658785
2_4_22,2_4_22\synth.csv,2_4_22\train.csv,2_4_22\val.csv,2_4_22\test.csv,0.0813190025700069,0.13043268542686282,0.15554365337156525,0.07879393857241805,1.111735400904408,0.1219933682151452,0.4591039898394492,0.09109736562593884,0.23583282005826606,0.07557668311161611,0.36257731952913297
3_0_22,3_0_22\synth.csv,3_0_22\train.csv,3_0_22\val.csv,3_0_22\test.csv,0.058040168682486515,0.13398266962982563,0.17056734931485226,0.06279700658832352,1.4156488702246086,0.13480798192107013,0.44404963166668543,0.09130767063792977,0.24633357080973978,0.08060740571419421,0.3572060682786805
3_1_22,3_1_22\synth.csv,3_1_22\train.csv,3_1_22\val.csv,3_1_22\test.csv,0.03987111483527361,0.14154374891637833,0.11124572762111246,0.07149351079906549,1.3492890702878382,0.15184274926837577,0.4176229296015979,0.08166376557959076,0.22431853633651203,0.07467907129178629,0.3546460067442295
3_2_22,3_2_22\synth.csv,3_2_22\train.csv,3_2_22\val.csv,3_2_22\test.csv,0.06454786970002935,0.14286326195897392,0.11860963869041884,0.06556902043572813,1.084004551900813,0.14885727802872098,0.4526728375185187,0.08571266205026817,0.2175479311479616,0.09652715814400464,0.33792033935237703
3_3_22,3_3_22\synth.csv,3_3_22\train.csv,3_3_22\val.csv,3_3_22\test.csv,0.0159625612767762,0.14403738191764737,0.1447884788038323,0.08080136304360833,1.394007902444842,0.1434065814629548,0.44034108041856634,0.08949106528440576,0.2628329164779755,0.07693251781082117,0.3668699405773137
3_4_22,3_4_22\synth.csv,3_4_22\train.csv,3_4_22\val.csv,3_4_22\test.csv,0.0711139915499227,0.13043268542686282,0.17687964847992707,0.0660570002541534,1.2274577827836368,0.14061711092030416,0.3742144826672421,0.09109736562593884,0.23583282005826606,0.07735249102415923,0.3870517238523635
4_0_22,4_0_22\synth.csv,4_0_22\train.csv,4_0_22\val.csv,4_0_22\test.csv,0.06841514728899423,0.13398266962982563,0.11647004235911285,0.05782203130888512,1.490151162857214,0.14929631648818215,0.3839146196697638,0.09130767063792977,0.24633357080973978,0.07382190641507635,0.36334621209435913
4_1_22,4_1_22\synth.csv,4_1_22\train.csv,4_1_22\val.csv,4_1_22\test.csv,0.06436598951168526,0.14154374891637833,0.10561651794360051,0.06613687967485692,1.4666361195763729,0.15388195784799613,0.3993819909066859,0.08166376557959076,0.22431853633651203,0.08043830077251302,0.3558853145813229
4_2_22,4_2_22\synth.csv,4_2_22\train.csv,4_2_22\val.csv,4_2_22\test.csv,0.1133866957528018,0.14286326195897392,0.10716468966010322,0.0473354303664982,1.2137091729893519,0.1559383077905399,0.3940899818002307,0.08571266205026817,0.2175479311479616,0.08819626983989687,0.3503271158855527
4_3_22,4_3_22\synth.csv,4_3_22\train.csv,4_3_22\val.csv,4_3_22\test.csv,0.04046334454653777,0.14403738191764737,0.13025411720032978,0.06363168848543846,1.5708126149551187,0.14081123738277704,0.3522374470584948,0.08949106528440576,0.2628329164779755,0.0823409408126855,0.3794328665041939
4_4_22,4_4_22\synth.csv,4_4_22\train.csv,4_4_22\val.csv,4_4_22\test.csv,0.11605813706765045,0.13043268542686282,0.14175762943550557,0.05368688056967097,1.3731804914695582,0.14755121047464304,0.3678555748561656,0.09109736562593884,0.23583282005826606,0.07959481553142565,0.3522978488193183
5_0_22,5_0_22\synth.csv,5_0_22\train.csv,5_0_22\val.csv,5_0_22\test.csv,0.0826636890122584,0.13398266962982563,0.10721929582400881,0.03970966269321746,1.4411200936633979,0.13500603967517918,0.38209738391575465,0.09130767063792977,0.24633357080973978,0.08882292326362669,0.36714562315754395
5_1_22,5_1_22\synth.csv,5_1_22\train.csv,5_1_22\val.csv,5_1_22\test.csv,0.09683628244298281,0.14154374891637833,0.11105947157957911,0.059627027048353945,1.4607331371742773,0.15869059273446862,0.44382304253005567,0.08166376557959076,0.22431853633651203,0.07958788161734125,0.3469701107871048
5_2_22,5_2_22\synth.csv,5_2_22\train.csv,5_2_22\val.csv,5_2_22\test.csv,0.11888571380308266,0.14286326195897392,0.10703045217207564,0.046262592142035305,1.1440267063336753,0.14554373232976803,0.389172852148586,0.08571266205026817,0.2175479311479616,0.08383162059126766,0.3253199824186962
5_3_22,5_3_22\synth.csv,5_3_22\train.csv,5_3_22\val.csv,5_3_22\test.csv,0.07730573145733999,0.14403738191764737,0.10625297997822043,0.0565604110509973,1.3960175108737578,0.1490954776391178,0.41254451909619616,0.08949106528440576,0.2628329164779755,0.0900259746660868,0.35474095820916035
5_4_22,5_4_22\synth.csv,5_4_22\train.csv,5_4_22\val.csv,5_4_22\test.csv,0.12418613483045515,0.13043268542686282,0.13699427536348793,0.044750884971658106,1.5313924282145623,0.1498036217566691,0.38684410595963636,0.09109736562593884,0.23583282005826606,0.0782162732463042,0.29057261022944514
6_0_22,6_0_22\synth.csv,6_0_22\train.csv,6_0_22\val.csv,6_0_22\test.csv,0.08984257222791336,0.13398266962982563,0.08956457986575579,0.0307371963431678,1.3473723781783806,0.14261151550165668,0.41506609523063576,0.09130767063792977,0.24633357080973978,0.09062274810100174,0.3638500919777866
6_1_22,6_1_22\synth.csv,6_1_22\train.csv,6_1_22\val.csv,6_1_22\test.csv,0.09420841262484347,0.14154374891637833,0.10571060697772798,0.052381351932032506,1.3570481499223919,0.14620494661347638,0.3574885382026145,0.08166376557959076,0.22431853633651203,0.08447142529248475,0.3584451462616993
6_2_22,6_2_22\synth.csv,6_2_22\train.csv,6_2_22\val.csv,6_2_22\test.csv,0.11131715145029264,0.14286326195897392,0.09089234442658435,0.03973125264001193,1.1970652381236229,0.1333565160794524,0.38034016234317336,0.08571266205026817,0.2175479311479616,0.09422505358827478,0.3864525060796542
6_3_22,6_3_22\synth.csv,6_3_22\train.csv,6_3_22\val.csv,6_3_22\test.csv,0.08420421633764674,0.14403738191764737,0.10336235872770382,0.05150978271165377,1.3508700356268557,0.1270252332986394,0.39636392620928157,0.08949106528440576,0.2628329164779755,0.08918834266381567,0.3563366557918855
6_4_22,6_4_22\synth.csv,6_4_22\train.csv,6_4_22\val.csv,6_4_22\test.csv,0.12144482537587575,0.13043268542686282,0.1497073921846029,0.036154087243704974,1.4809059266057962,0.15678753673261653,0.43716594235973,0.09109736562593884,0.23583282005826606,0.08234854026566849,0.35110078848740156
7_0_22,7_0_22\synth.csv,7_0_22\train.csv,7_0_22\val.csv,7_0_22\test.csv,0.09370037944494103,0.13398266962982563,0.11354549028416099,0.029221863945121808,1.309083986919522,0.1253016041801956,0.35959924273144583,0.09130767063792977,0.24633357080973978,0.09289915464208554,0.30541242407784097
7_1_22,7_1_22\synth.csv,7_1_22\train.csv,7_1_22\val.csv,7_1_22\test.csv,0.09989146423536832,0.14154374891637833,0.043907805841916066,0.05171353895987729,1.3978867726259907,0.1306010909907164,0.3463653403917901,0.08166376557959076,0.22431853633651203,0.09729168586592234,0.3530940852152387
7_2_22,7_2_22\synth.csv,7_2_22\train.csv,7_2_22\val.csv,7_2_22\test.csv,0.12123610518217365,0.14286326195897392,0.09264221487765432,0.03362615895952646,1.1959048103286467,0.1467393543491896,0.3815459034015526,0.08571266205026817,0.2175479311479616,0.09622747261923295,0.34104847734168775
7_3_22,7_3_22\synth.csv,7_3_22\train.csv,7_3_22\val.csv,7_3_22\test.csv,0.07410631129585066,0.14403738191764737,0.11293621316140352,0.053022666294441224,1.3839835537753074,0.14925768194334682,0.42997879188166505,0.08949106528440576,0.2628329164779755,0.08903700356288277,0.345650861878557
7_4_22,7_4_22\synth.csv,7_4_22\train.csv,7_4_22\val.csv,7_4_22\test.csv,0.1165776666099877,0.13043268542686282,0.1469577482673208,0.0351367243270446,1.4011159604071575,0.1533258597701126,0.37475787017262574,0.09109736562593884,0.23583282005826606,0.08475126891487356,0.322050223606499
8_0_22,8_0_22\synth.csv,8_0_22\train.csv,8_0_22\val.csv,8_0_22\test.csv,0.1011753200878227,0.13398266962982563,0.10371864635542509,0.0275535986416917,1.3080164681784807,0.13570239545012236,0.36088131799192746,0.09130767063792977,0.24633357080973978,0.09654940473886939,0.3268195767918525
8_1_22,8_1_22\synth.csv,8_1_22\train.csv,8_1_22\val.csv,8_1_22\test.csv,0.10826250208111021,0.14154374891637833,0.03903867917085472,0.041149407695504715,1.531299963079964,0.15348859299308415,0.34233684578373486,0.08166376557959076,0.22431853633651203,0.08475301395796872,0.3226433539770769
8_2_22,8_2_22\synth.csv,8_2_22\train.csv,8_2_22\val.csv,8_2_22\test.csv,0.11644727722308135,0.14286326195897392,0.09181569509376634,0.029582354377835046,1.1783890004239796,0.14220947761929015,0.3960302963312059,0.08571266205026817,0.2175479311479616,0.10735567170164054,0.2877439371213696
8_3_22,8_3_22\synth.csv,8_3_22\train.csv,8_3_22\val.csv,8_3_22\test.csv,0.09282590467791829,0.14403738191764737,0.0911945457699516,0.044662428652457946,1.40828606954635,0.13840899061341194,0.3910536970797623,0.08949106528440576,0.2628329164779755,0.09639678564706408,0.376854929835726
8_4_22,8_4_22\synth.csv,8_4_22\train.csv,8_4_22\val.csv,8_4_22\test.csv,0.11618433016728247,0.13043268542686282,0.07987385762339581,0.030495147934945774,1.249710796035528,0.15106083134601128,0.3904301826754596,0.09109736562593884,0.23583282005826606,0.11563329361149978,0.33937380728810446
9_0_22,9_0_22\synth.csv,9_0_22\train.csv,9_0_22\val.csv,9_0_22\test.csv,0.10658772919586668,0.13398266962982563,0.09703173075566805,0.02050473888065819,1.1815706751818342,0.14364235575933193,0.38585746625059136,0.09130767063792977,0.24633357080973978,0.09688803977485326,0.3392187321236439
9_1_22,9_1_22\synth.csv,9_1_22\train.csv,9_1_22\val.csv,9_1_22\test.csv,0.12113319566616165,0.14154374891637833,0.06661387965912283,0.03812227047971081,1.538514867350997,0.15122884648731105,0.36524996663724957,0.08166376557959076,0.22431853633651203,0.10012485089929424,0.3420690190167618
9_2_22,9_2_22\synth.csv,9_2_22\train.csv,9_2_22\val.csv,9_2_22\test.csv,0.11611158679089284,0.14286326195897392,0.06300816185532446,0.021745482962791756,1.0581089470676364,0.14051045466762863,0.38203992217315763,0.08571266205026817,0.2175479311479616,0.12017219174234185,0.3400044497054015
9_3_22,9_3_22\synth.csv,9_3_22\train.csv,9_3_22\val.csv,9_3_22\test.csv,0.10226825119617666,0.14403738191764737,0.06645581220652176,0.042839941254971384,1.4104253351530218,0.146797268567137,0.3832856618595398,0.08949106528440576,0.2628329164779755,0.09767860977533219,0.37419650557274464
9_4_22,9_4_22\synth.csv,9_4_22\train.csv,9_4_22\val.csv,9_4_22\test.csv,0.1100273341728043,0.13043268542686282,0.06291237928538046,0.023693588663804773,1.2571183249685438,0.14305738094604115,0.4073925970550605,0.09109736562593884,0.23583282005826606,0.11743180695342884,0.3695573605221937
0_0_23,0_0_23\synth.csv,0_0_23\train.csv,0_0_23\val.csv,0_0_23\test.csv,-0.17521168024482447,0.13398266962982563,0.2215387091763361,0.1103009408802949,2.1570020078043957,0.1491810546260796,0.5344257052153187,0.09130767063792977,0.24633357080973978,0.07820040671964631,0.38981119987030755
0_1_23,0_1_23\synth.csv,0_1_23\train.csv,0_1_23\val.csv,0_1_23\test.csv,-0.1879682744152158,0.14154374891637833,0.2312537999869946,0.12573342757339914,2.2245618456652734,0.1347216404911225,0.5483542205003449,0.08166376557959076,0.22431853633651203,0.07926619674270688,0.393704207693803
0_2_23,0_2_23\synth.csv,0_2_23\train.csv,0_2_23\val.csv,0_2_23\test.csv,-0.27347392012251603,0.14286326195897392,0.24078389315293594,0.11424786393817991,1.9894589473480913,0.14324161922809225,0.5109122060427616,0.08571266205026817,0.2175479311479616,0.0770674808266161,0.36917268432145023
0_3_23,0_3_23\synth.csv,0_3_23\train.csv,0_3_23\val.csv,0_3_23\test.csv,-0.22141639841695437,0.14403738191764737,0.25550259448935647,0.10947059305225407,2.1396009664629307,0.13515194062091118,0.5823902139679653,0.08949106528440576,0.2628329164779755,0.07882081275368251,0.36327535854609433
0_4_23,0_4_23\synth.csv,0_4_23\train.csv,0_4_23\val.csv,0_4_23\test.csv,-0.19326893234895937,0.13043268542686282,0.2135699899709175,0.11165563937240715,2.2702770502399514,0.1394121199583973,0.5566990764844627,0.09109736562593884,0.23583282005826606,0.07050491076680367,0.3395247837595463
1_0_23,1_0_23\synth.csv,1_0_23\train.csv,1_0_23\val.csv,1_0_23\test.csv,0.1201347292563334,0.13398266962982563,0.1681210080518177,0.07779576603674387,1.6080547365801745,0.14701712297485198,0.46381956768648325,0.09130767063792977,0.24633357080973978,0.06946611902636055,0.3542861781434589
1_1_23,1_1_23\synth.csv,1_1_23\train.csv,1_1_23\val.csv,1_1_23\test.csv,-0.16800039471945527,0.14154374891637833,0.23821633470049494,0.1053718584348447,1.4033540193672847,0.12769405031023515,0.43849619793801353,0.08166376557959076,0.22431853633651203,0.10397883820616699,0.41413841669720225
1_2_23,1_2_23\synth.csv,1_2_23\train.csv,1_2_23\val.csv,1_2_23\test.csv,0.06859221485063582,0.14286326195897392,0.18653499786777172,0.08560368283648255,1.094927390388681,0.1432485394197312,0.4201686432517828,0.08571266205026817,0.2175479311479616,0.07980816176785337,0.36874963283543527
1_3_23,1_3_23\synth.csv,1_3_23\train.csv,1_3_23\val.csv,1_3_23\test.csv,0.03239838999985811,0.14403738191764737,0.1457969385090185,0.09453234513620103,1.7144332289391824,0.14525099864274243,0.5360097808895521,0.08949106528440576,0.2628329164779755,0.06438821144941274,0.3680199081665825
1_4_23,1_4_23\synth.csv,1_4_23\train.csv,1_4_23\val.csv,1_4_23\test.csv,0.1474982233233052,0.13043268542686282,0.11840235303100932,0.08321284675008345,1.4130106129478799,0.15669805975442702,0.5511739523481789,0.09109736562593884,0.23583282005826606,0.06743476226815881,0.35529396779536415
2_0_23,2_0_23\synth.csv,2_0_23\train.csv,2_0_23\val.csv,2_0_23\test.csv,0.06004423233778844,0.13398266962982563,0.17854619014520332,0.0761445518665969,1.2241743840383004,0.1501299042695891,0.4558553317125204,0.09130767063792977,0.24633357080973978,0.06958016434368021,0.37077741296119016
2_1_23,2_1_23\synth.csv,2_1_23\train.csv,2_1_23\val.csv,2_1_23\test.csv,0.059994926895039824,0.14154374891637833,0.15103884013755922,0.07426067004305645,1.2414975534654205,0.14441192991298699,0.4265182898052968,0.08166376557959076,0.22431853633651203,0.08282746175659711,0.3539957808788283
2_2_23,2_2_23\synth.csv,2_2_23\train.csv,2_2_23\val.csv,2_2_23\test.csv,0.047523246572995226,0.14286326195897392,0.11526571908787442,0.07282526465855976,1.21932805501303,0.13087314237350178,0.43093447514544975,0.08571266205026817,0.2175479311479616,0.09209649925937238,0.36642081476541805
2_3_23,2_3_23\synth.csv,2_3_23\train.csv,2_3_23\val.csv,2_3_23\test.csv,0.029905893641106296,0.14403738191764737,0.15223223785949716,0.08016188499497916,1.6230245429724748,0.13717749609966784,0.4476161307536566,0.08949106528440576,0.2628329164779755,0.0717621939132222,0.3622854099725142
2_4_23,2_4_23\synth.csv,2_4_23\train.csv,2_4_23\val.csv,2_4_23\test.csv,0.0793797199155104,0.13043268542686282,0.15663570683350833,0.07846227330428018,1.1921873105308853,0.15100094653525445,0.46907435049378843,0.09109736562593884,0.23583282005826606,0.08157327797331239,0.3463730628339279
3_0_23,3_0_23\synth.csv,3_0_23\train.csv,3_0_23\val.csv,3_0_23\test.csv,0.0400215879431296,0.13398266962982563,0.18144966718715225,0.06407407114379962,1.3792918337700464,0.12979914635577017,0.43610281798699163,0.09130767063792977,0.24633357080973978,0.0821998699627053,0.3734621543965997
3_1_23,3_1_23\synth.csv,3_1_23\train.csv,3_1_23\val.csv,3_1_23\test.csv,0.05034292135030549,0.14154374891637833,0.10944538873968841,0.06838131833006042,1.3252932287898245,0.14474616659772405,0.3844855449194098,0.08166376557959076,0.22431853633651203,0.08485958149084921,0.3684493310107255
3_2_23,3_2_23\synth.csv,3_2_23\train.csv,3_2_23\val.csv,3_2_23\test.csv,0.04859490830239299,0.14286326195897392,0.12106209423844765,0.06776978036162283,1.1285944315712337,0.13961749615137542,0.449468820225838,0.08571266205026817,0.2175479311479616,0.0850471209109568,0.38467999522776913
3_3_23,3_3_23\synth.csv,3_3_23\train.csv,3_3_23\val.csv,3_3_23\test.csv,0.017673444690694096,0.14403738191764737,0.14067961050771757,0.07791619020518799,1.4497562873067216,0.12971448963736637,0.44720454303470686,0.08949106528440576,0.2628329164779755,0.07434274509043676,0.3692827295098038
3_4_23,3_4_23\synth.csv,3_4_23\train.csv,3_4_23\val.csv,3_4_23\test.csv,0.09064545481649555,0.13043268542686282,0.16421229669720364,0.06606994037615041,1.2483901244668798,0.14510001209568327,0.4811316220053101,0.09109736562593884,0.23583282005826606,0.0818009719392295,0.3304845927046475
4_0_23,4_0_23\synth.csv,4_0_23\train.csv,4_0_23\val.csv,4_0_23\test.csv,0.06524079057472898,0.13398266962982563,0.13634705964048002,0.05661568664900889,1.6097459402599377,0.13831852177354573,0.4248650364532107,0.09130767063792977,0.24633357080973978,0.07779894601152472,0.35947699906201336
4_1_23,4_1_23\synth.csv,4_1_23\train.csv,4_1_23\val.csv,4_1_23\test.csv,0.060188917417523524,0.14154374891637833,0.10863304154269933,0.06077665409728345,1.4584690173540504,0.14820028632631982,0.4405395433729149,0.08166376557959076,0.22431853633651203,0.08620177965505542,0.3601722425608788
4_2_23,4_2_23\synth.csv,4_2_23\train.csv,4_2_23\val.csv,4_2_23\test.csv,0.08715343033596434,0.14286326195897392,0.11865805802729236,0.05269446548664254,1.1539062317747504,0.14624186412071488,0.38209954206767915,0.08571266205026817,0.2175479311479616,0.0790655128019912,0.36510076690673865
4_3_23,4_3_23\synth.csv,4_3_23\train.csv,4_3_23\val.csv,4_3_23\test.csv,0.037672690329515035,0.14403738191764737,0.12422325656020183,0.05941911052064708,1.6816342477181636,0.12376093861322508,0.4355458748327862,0.08949106528440576,0.2628329164779755,0.08148074669948623,0.36009018270740856
4_4_23,4_4_23\synth.csv,4_4_23\train.csv,4_4_23\val.csv,4_4_23\test.csv,0.11228852691146818,0.13043268542686282,0.15486875570711525,0.05432029666897896,1.3965467385588761,0.1345389043051779,0.39919726293069197,0.09109736562593884,0.23583282005826606,0.08237845391953422,0.31126084026456713
5_0_23,5_0_23\synth.csv,5_0_23\train.csv,5_0_23\val.csv,5_0_23\test.csv,0.08090137314249934,0.13398266962982563,0.12715746869281516,0.040069619618424875,1.463160769608478,0.1361900418071984,0.4144497457197861,0.09130767063792977,0.24633357080973978,0.08616737194983073,0.3639621281042743
5_1_23,5_1_23\synth.csv,5_1_23\train.csv,5_1_23\val.csv,5_1_23\test.csv,0.084620284747842,0.14154374891637833,0.09317984237464812,0.05332479617339571,1.437423385071564,0.15243868326777385,0.4188530098669062,0.08166376557959076,0.22431853633651203,0.08347323353252063,0.31606228591900365
5_2_23,5_2_23\synth.csv,5_2_23\train.csv,5_2_23\val.csv,5_2_23\test.csv,0.10331137978799709,0.14286326195897392,0.10926532966745023,0.04696147679069817,1.1381283419053843,0.1497810486057823,0.38372039178399764,0.08571266205026817,0.2175479311479616,0.08032712839324868,0.3161760428996664
5_3_23,5_3_23\synth.csv,5_3_23\train.csv,5_3_23\val.csv,5_3_23\test.csv,0.07118220532591879,0.14403738191764737,0.10056621830370682,0.050660139953674216,1.5045859388818927,0.13975161926912927,0.4004557998051142,0.08949106528440576,0.2628329164779755,0.09763871593290968,0.3534000207429022
5_4_23,5_4_23\synth.csv,5_4_23\train.csv,5_4_23\val.csv,5_4_23\test.csv,0.11964507295894944,0.13043268542686282,0.1379504364971784,0.04397611155979127,1.5224654505397262,0.14004228624431705,0.40804158778249733,0.09109736562593884,0.23583282005826606,0.08468790782264887,0.35113412342955563
6_0_23,6_0_23\synth.csv,6_0_23\train.csv,6_0_23\val.csv,6_0_23\test.csv,0.09429210052708115,0.13398266962982563,0.11013059412837155,0.02911827972446377,1.337928590571871,0.14893162899362575,0.4085772129615263,0.09130767063792977,0.24633357080973978,0.08796540474644454,0.31464961879171005
6_1_23,6_1_23\synth.csv,6_1_23\train.csv,6_1_23\val.csv,6_1_23\test.csv,0.08816028082413174,0.14154374891637833,0.10581147381180318,0.04688979513868855,1.3137504704823997,0.14133779871814703,0.38922678565329794,0.08166376557959076,0.22431853633651203,0.08511383640543198,0.3484777863106122
6_2_23,6_2_23\synth.csv,6_2_23\train.csv,6_2_23\val.csv,6_2_23\test.csv,0.10446027328424579,0.14286326195897392,0.09655987457805548,0.04262921217035181,1.122858898329753,0.13394753963898767,0.3818689858287947,0.08571266205026817,0.2175479311479616,0.09859963805799483,0.32330755196441935
6_3_23,6_3_23\synth.csv,6_3_23\train.csv,6_3_23\val.csv,6_3_23\test.csv,0.0912148578842199,0.14403738191764737,0.09869169976684522,0.04491248539174492,1.4084219671178364,0.15082869799676993,0.40601861243298365,0.08949106528440576,0.2628329164779755,0.08867257352190619,0.3712679597705475
6_4_23,6_4_23\synth.csv,6_4_23\train.csv,6_4_23\val.csv,6_4_23\test.csv,0.12459454060786423,0.13043268542686282,0.15152855717357955,0.036424025261404785,1.4629570146823265,0.14670625857453656,0.40901560545071225,0.09109736562593884,0.23583282005826606,0.0884713141185437,0.36402539653770993
7_0_23,7_0_23\synth.csv,7_0_23\train.csv,7_0_23\val.csv,7_0_23\test.csv,0.09049919690956154,0.13398266962982563,0.11999277677863347,0.027546929804222325,1.235046223429074,0.14631027165284616,0.38620495648200526,0.09130767063792977,0.24633357080973978,0.09089386494405044,0.3612531710449357
7_1_23,7_1_23\synth.csv,7_1_23\train.csv,7_1_23\val.csv,7_1_23\test.csv,0.0906347286462521,0.14154374891637833,0.06269210672786603,0.04317684712964348,1.327637081443337,0.1505819687182423,0.4088457534447685,0.08166376557959076,0.22431853633651203,0.09603340942979693,0.35421019907054496
7_2_23,7_2_23\synth.csv,7_2_23\train.csv,7_2_23\val.csv,7_2_23\test.csv,0.1158265765722899,0.14286326195897392,0.10491591966664687,0.031029691613234343,1.1115943375395865,0.1507594156737412,0.36913915219046867,0.08571266205026817,0.2175479311479616,0.09470217727641912,0.3897778841093475
7_3_23,7_3_23\synth.csv,7_3_23\train.csv,7_3_23\val.csv,7_3_23\test.csv,0.07933432227601334,0.14403738191764737,0.09475238171274168,0.04653810926478049,1.3846697881887242,0.14284750744203273,0.4014669047105336,0.08949106528440576,0.2628329164779755,0.09343649071752333,0.3574284970454659
7_4_23,7_4_23\synth.csv,7_4_23\train.csv,7_4_23\val.csv,7_4_23\test.csv,0.12045103018458891,0.13043268542686282,0.13935090750737822,0.03314722506940659,1.4286602672229811,0.1431750134334108,0.37291922509523917,0.09109736562593884,0.23583282005826606,0.0890041134092865,0.38935615797858025
8_0_23,8_0_23\synth.csv,8_0_23\train.csv,8_0_23\val.csv,8_0_23\test.csv,0.09018907119958353,0.13398266962982563,0.10036420668365797,0.026854769142245622,1.192102204305132,0.1621104988540523,0.43364273900622285,0.09130767063792977,0.24633357080973978,0.10267712849817286,0.34680774119854196
8_1_23,8_1_23\synth.csv,8_1_23\train.csv,8_1_23\val.csv,8_1_23\test.csv,0.10848229992973335,0.14154374891637833,0.046234888464098185,0.03673883005297512,1.4796234259322882,0.16620489402316047,0.4183883450897765,0.08166376557959076,0.22431853633651203,0.09743427050618685,0.3511642985294232
8_2_23,8_2_23\synth.csv,8_2_23\train.csv,8_2_23\val.csv,8_2_23\test.csv,0.11360789096081814,0.14286326195897392,0.10191366347117341,0.02702957996267991,1.0623808327393274,0.14823761810488728,0.3558393074740932,0.08571266205026817,0.2175479311479616,0.1088642886164334,0.3538429652952326
8_3_23,8_3_23\synth.csv,8_3_23\train.csv,8_3_23\val.csv,8_3_23\test.csv,0.09190895431804802,0.14403738191764737,0.08517783993250283,0.03881183684260054,1.50085655424702,0.14580569333562618,0.39740816804416557,0.08949106528440576,0.2628329164779755,0.09342687270694035,0.37613950659903284
8_4_23,8_4_23\synth.csv,8_4_23\train.csv,8_4_23\val.csv,8_4_23\test.csv,0.1122726173635199,0.13043268542686282,0.06462276020499301,0.02969560467719106,1.2470226152280808,0.1440888956080963,0.4002887523555771,0.09109736562593884,0.23583282005826606,0.09776832318067394,0.37870013165047933
9_0_23,9_0_23\synth.csv,9_0_23\train.csv,9_0_23\val.csv,9_0_23\test.csv,0.10890919004832489,0.13398266962982563,0.10089573770889522,0.018886342056227755,1.1416184653939965,0.14906330403537088,0.4172623217309047,0.09130767063792977,0.24633357080973978,0.09969456066523671,0.31001816156819506
9_1_23,9_1_23\synth.csv,9_1_23\train.csv,9_1_23\val.csv,9_1_23\test.csv,0.1161159789493903,0.14154374891637833,0.07374004175718814,0.03373097587358702,1.4915588827445685,0.16176001487729702,0.41068497401491966,0.08166376557959076,0.22431853633651203,0.0919825522347132,0.3609505315029291
9_2_23,9_2_23\synth.csv,9_2_23\train.csv,9_2_23\val.csv,9_2_23\test.csv,0.11095519597751824,0.14286326195897392,0.08387217290468778,0.020636803303341444,1.0412802766010436,0.14495597715638495,0.36908019819503424,0.08571266205026817,0.2175479311479616,0.11581409362831072,0.3730244459391702
9_3_23,9_3_23\synth.csv,9_3_23\train.csv,9_3_23\val.csv,9_3_23\test.csv,0.10551155599994333,0.14403738191764737,0.06243653383825228,0.03697969324512395,1.4446173455208724,0.15446268097030338,0.4106955558447385,0.08949106528440576,0.2628329164779755,0.09883771595335483,0.3470687877241707
9_4_23,9_4_23\synth.csv,9_4_23\train.csv,9_4_23\val.csv,9_4_23\test.csv,0.10951181208103955,0.13043268542686282,0.05218157458521308,0.025477096735519688,1.3188455283265836,0.1300589783858944,0.37769491336273,0.09109736562593884,0.23583282005826606,0.10194147377396418,0.36731076738845186
0_0_24,0_0_24\synth.csv,0_0_24\train.csv,0_0_24\val.csv,0_0_24\test.csv,-0.17902823504812737,0.13398266962982563,0.23526914165420684,0.11053871912412806,2.145089315854364,0.13337609736395245,0.5772561146501063,0.09130767063792977,0.24633357080973978,0.07548256848925877,0.34926893034454054
0_1_24,0_1_24\synth.csv,0_1_24\train.csv,0_1_24\val.csv,0_1_24\test.csv,-0.17043206873240768,0.14154374891637833,0.22074911371099482,0.12603417461722655,2.1862406435451414,0.13745419188384633,0.5655514095004368,0.08166376557959076,0.22431853633651203,0.07691689981093286,0.3564565861120307
0_2_24,0_2_24\synth.csv,0_2_24\train.csv,0_2_24\val.csv,0_2_24\test.csv,-0.26405092880678427,0.14286326195897392,0.2434132164875299,0.11466560642666071,1.964361744651548,0.13563985322975952,0.5432475245553428,0.08571266205026817,0.2175479311479616,0.08034682915988982,0.3356225824056447
0_3_24,0_3_24\synth.csv,0_3_24\train.csv,0_3_24\val.csv,0_3_24\test.csv,-0.23096692757150405,0.14403738191764737,0.2614285241697081,0.11120194346393986,2.1400806934958494,0.13322280473625725,0.5799511427995636,0.08949106528440576,0.2628329164779755,0.0731825429985778,0.3640025384670037
0_4_24,0_4_24\synth.csv,0_4_24\train.csv,0_4_24\val.csv,0_4_24\test.csv,-0.2132952344931367,0.13043268542686282,0.21469659083206116,0.11089442618371197,2.281397011984027,0.13914279004482938,0.5100460504229489,0.09109736562593884,0.23583282005826606,0.07024584174129637,0.3297462365234042
1_0_24,1_0_24\synth.csv,1_0_24\train.csv,1_0_24\val.csv,1_0_24\test.csv,0.10926294570636153,0.13398266962982563,0.15320530143935887,0.07757177277575933,1.5972634439818947,0.13994440610002973,0.49132592995787827,0.09130767063792977,0.24633357080973978,0.06562998538236377,0.3299610137030665
1_1_24,1_1_24\synth.csv,1_1_24\train.csv,1_1_24\val.csv,1_1_24\test.csv,-0.15378321926055216,0.14154374891637833,0.23984804030594664,0.10786091286208734,1.4441647906774213,0.13355942817188796,0.4755726403569359,0.08166376557959076,0.22431853633651203,0.08580950777437774,0.3555945029165514
1_2_24,1_2_24\synth.csv,1_2_24\train.csv,1_2_24\val.csv,1_2_24\test.csv,0.03776611344586045,0.14286326195897392,0.1835297437197115,0.07860030821225748,1.291853210100038,0.145178342497376,0.44348951849452056,0.08571266205026817,0.2175479311479616,0.07302432400522108,0.35936953490899975
1_3_24,1_3_24\synth.csv,1_3_24\train.csv,1_3_24\val.csv,1_3_24\test.csv,-0.027796921589015477,0.14403738191764737,0.14158785139268662,0.09622271374247002,1.810349801498585,0.13029948477803194,0.47776661642942014,0.08949106528440576,0.2628329164779755,0.06453779875883983,0.38654469871524066
1_4_24,1_4_24\synth.csv,1_4_24\train.csv,1_4_24\val.csv,1_4_24\test.csv,0.14276286755784295,0.13043268542686282,0.13138239201125865,0.08324733800961139,1.4362763955146283,0.1441887030942996,0.4603411261776692,0.09109736562593884,0.23583282005826606,0.07379353806690904,0.3776749222944169
2_0_24,2_0_24\synth.csv,2_0_24\train.csv,2_0_24\val.csv,2_0_24\test.csv,0.049379150843892994,0.13398266962982563,0.15981503404886996,0.07367491319651227,1.2474148509881917,0.13634188445630085,0.4276885030370196,0.09130767063792977,0.24633357080973978,0.07417587994857835,0.3498865009999295
2_1_24,2_1_24\synth.csv,2_1_24\train.csv,2_1_24\val.csv,2_1_24\test.csv,0.05538357203110811,0.14154374891637833,0.1511903194357895,0.07538146208441517,1.1774495933083022,0.15771847644760995,0.39396220508479873,0.08166376557959076,0.22431853633651203,0.08792801030047437,0.3703244014680477
2_2_24,2_2_24\synth.csv,2_2_24\train.csv,2_2_24\val.csv,2_2_24\test.csv,0.12445296950876528,0.14286326195897392,0.11015464361836765,0.0682004716572443,1.2906861045613873,0.1441484811249179,0.4263906065195714,0.08571266205026817,0.2175479311479616,0.08318653314931443,0.38213721744531637
2_3_24,2_3_24\synth.csv,2_3_24\train.csv,2_3_24\val.csv,2_3_24\test.csv,0.029495053684191253,0.14403738191764737,0.14947748126394866,0.07958360433832273,1.7649190773630699,0.13649862327391876,0.45729836388624856,0.08949106528440576,0.2628329164779755,0.06786030756076786,0.34878382807126207
2_4_24,2_4_24\synth.csv,2_4_24\train.csv,2_4_24\val.csv,2_4_24\test.csv,0.08981582899219209,0.13043268542686282,0.14623176906998125,0.07641045369619871,1.1544768960317568,0.14241215435857962,0.43764288499864995,0.09109736562593884,0.23583282005826606,0.07696380895641207,0.3680495330266939
3_0_24,3_0_24\synth.csv,3_0_24\train.csv,3_0_24\val.csv,3_0_24\test.csv,0.05776864972789686,0.13398266962982563,0.1638310785588175,0.060908803303769084,1.390396390905944,0.1425486213867312,0.39607440535374094,0.09130767063792977,0.24633357080973978,0.08250531387403681,0.3587389890764481
3_1_24,3_1_24\synth.csv,3_1_24\train.csv,3_1_24\val.csv,3_1_24\test.csv,0.06945095140229851,0.14154374891637833,0.11393618659139042,0.06999759490041964,1.267073552146922,0.1361037099859857,0.39351221287094984,0.08166376557959076,0.22431853633651203,0.08198779463541084,0.3706905986956913
3_2_24,3_2_24\synth.csv,3_2_24\train.csv,3_2_24\val.csv,3_2_24\test.csv,0.08639125153798088,0.14286326195897392,0.11409903107409597,0.06688201178980639,1.1195957814863506,0.14204408770340798,0.410835059705998,0.08571266205026817,0.2175479311479616,0.08744712101951084,0.40251297616034887
3_3_24,3_3_24\synth.csv,3_3_24\train.csv,3_3_24\val.csv,3_3_24\test.csv,0.01875452914844633,0.14403738191764737,0.13767142558544856,0.07560702557837876,1.5500702638119654,0.1452779465913341,0.45854934673671555,0.08949106528440576,0.2628329164779755,0.07307082642583483,0.33775769622552515
3_4_24,3_4_24\synth.csv,3_4_24\train.csv,3_4_24\val.csv,3_4_24\test.csv,0.09082717661025108,0.13043268542686282,0.1609571756643721,0.066650553034421,1.2799139081018238,0.14348202876809907,0.46262107851548157,0.09109736562593884,0.23583282005826606,0.08224138461584632,0.3814423233607045
4_0_24,4_0_24\synth.csv,4_0_24\train.csv,4_0_24\val.csv,4_0_24\test.csv,0.07057914241887353,0.13398266962982563,0.11485618760664323,0.05863630756800672,1.5319524805947322,0.13491382856352047,0.43886021092957894,0.09130767063792977,0.24633357080973978,0.0744997433586199,0.361456160083945
4_1_24,4_1_24\synth.csv,4_1_24\train.csv,4_1_24\val.csv,4_1_24\test.csv,0.07906296955447367,0.14154374891637833,0.1114823854704368,0.06216619449803479,1.4285729607804385,0.1450898109399198,0.4223427085600022,0.08166376557959076,0.22431853633651203,0.08297491254007143,0.3521977757479407
4_2_24,4_2_24\synth.csv,4_2_24\train.csv,4_2_24\val.csv,4_2_24\test.csv,0.11212766163735988,0.14286326195897392,0.10834508985968827,0.04885494422438309,1.1878022963802946,0.14021984848507946,0.45049797188567803,0.08571266205026817,0.2175479311479616,0.08326697186534371,0.3189612799313707
4_3_24,4_3_24\synth.csv,4_3_24\train.csv,4_3_24\val.csv,4_3_24\test.csv,0.03527378373323997,0.14403738191764737,0.1309309525830871,0.0622082641452369,1.688695818577734,0.14899746522670712,0.46450002293150766,0.08949106528440576,0.2628329164779755,0.07534971473486932,0.314847309688093
4_4_24,4_4_24\synth.csv,4_4_24\train.csv,4_4_24\val.csv,4_4_24\test.csv,0.11165657444947374,0.13043268542686282,0.14157357664549777,0.05221258288271819,1.3561151572041845,0.14291605459504775,0.43059415380295796,0.09109736562593884,0.23583282005826606,0.081736988478161,0.3725321481859985
5_0_24,5_0_24\synth.csv,5_0_24\train.csv,5_0_24\val.csv,5_0_24\test.csv,0.09390388362706559,0.13398266962982563,0.11268844347876367,0.03973212477484051,1.4234893346461646,0.13104391642122104,0.38110709266307946,0.09130767063792977,0.24633357080973978,0.0827542720351199,0.38141323388577764
5_1_24,5_1_24\synth.csv,5_1_24\train.csv,5_1_24\val.csv,5_1_24\test.csv,0.09352699214701055,0.14154374891637833,0.10614928498721588,0.06107843655198545,1.52320319803747,0.13635769591625824,0.3749748413584045,0.08166376557959076,0.22431853633651203,0.08454038032214067,0.3403129497215122
5_2_24,5_2_24\synth.csv,5_2_24\train.csv,5_2_24\val.csv,5_2_24\test.csv,0.12049402621834615,0.14286326195897392,0.09438764695449813,0.050207288595776445,1.2061005438351478,0.140160250656362,0.3942026994236121,0.08571266205026817,0.2175479311479616,0.09307133054485958,0.3627976575330739
5_3_24,5_3_24\synth.csv,5_3_24\train.csv,5_3_24\val.csv,5_3_24\test.csv,0.04969318665118605,0.14403738191764737,0.10482369465152497,0.052431263123543695,1.4369162216390594,0.13386104246753455,0.3509670286472822,0.08949106528440576,0.2628329164779755,0.08324256700648362,0.3563511680538918
5_4_24,5_4_24\synth.csv,5_4_24\train.csv,5_4_24\val.csv,5_4_24\test.csv,0.1279513146758693,0.13043268542686282,0.13729753603782438,0.04517614087046858,1.5117064902918582,0.14357929467127856,0.3672802333070111,0.09109736562593884,0.23583282005826606,0.07560107602183946,0.3541527565953322
6_0_24,6_0_24\synth.csv,6_0_24\train.csv,6_0_24\val.csv,6_0_24\test.csv,0.09289406809820999,0.13398266962982563,0.07954660119006808,0.0313662522798103,1.3127129995478388,0.14276998355252812,0.35826878111447236,0.09130767063792977,0.24633357080973978,0.09021054177245261,0.3438529735415666
6_1_24,6_1_24\synth.csv,6_1_24\train.csv,6_1_24\val.csv,6_1_24\test.csv,0.09730221883284929,0.14154374891637833,0.1110861000649847,0.05097237955124646,1.3567892130695327,0.14141747718683206,0.3668163921524865,0.08166376557959076,0.22431853633651203,0.08397153591188643,0.3770923454997739
6_2_24,6_2_24\synth.csv,6_2_24\train.csv,6_2_24\val.csv,6_2_24\test.csv,0.1204496850181832,0.14286326195897392,0.09782230185130576,0.043522610600851906,1.1807444092009742,0.14225584801567653,0.36415371859122886,0.08571266205026817,0.2175479311479616,0.07646477120002025,0.3479209853102675
6_3_24,6_3_24\synth.csv,6_3_24\train.csv,6_3_24\val.csv,6_3_24\test.csv,0.06269910997458672,0.14403738191764737,0.10606200170307035,0.04733938515743742,1.40155940242938,0.13501629531548592,0.4498140422472444,0.08949106528440576,0.2628329164779755,0.08846919962180155,0.3468886858155488
6_4_24,6_4_24\synth.csv,6_4_24\train.csv,6_4_24\val.csv,6_4_24\test.csv,0.13511167291606174,0.13043268542686282,0.13893235504028598,0.03656273037442452,1.4590244924173188,0.14510290362051104,0.41111116689576527,0.09109736562593884,0.23583282005826606,0.08435967110427627,0.3755533221608275
7_0_24,7_0_24\synth.csv,7_0_24\train.csv,7_0_24\val.csv,7_0_24\test.csv,0.10148818088658096,0.13398266962982563,0.10319462993845334,0.026355132151807407,1.2744048435400044,0.14187279770720007,0.3748893566842939,0.09130767063792977,0.24633357080973978,0.09574810388721144,0.3510348268708607
7_1_24,7_1_24\synth.csv,7_1_24\train.csv,7_1_24\val.csv,7_1_24\test.csv,0.1105164682161548,0.14154374891637833,0.05371254244820988,0.04892199429616403,1.4588322553873407,0.15251316498435855,0.3646627221673249,0.08166376557959076,0.22431853633651203,0.09700142244807008,0.3442574745906407
7_2_24,7_2_24\synth.csv,7_2_24\train.csv,7_2_24\val.csv,7_2_24\test.csv,0.11761797766348014,0.14286326195897392,0.09310860839407846,0.03764599084144936,1.2239011623779026,0.1496634596698284,0.37983794825402406,0.08571266205026817,0.2175479311479616,0.10145293057865865,0.2934033859138352
7_3_24,7_3_24\synth.csv,7_3_24\train.csv,7_3_24\val.csv,7_3_24\test.csv,0.06451426768378576,0.14403738191764737,0.11714912476472872,0.05085782798432763,1.3697353696190566,0.13430429386086912,0.42170022471650037,0.08949106528440576,0.2628329164779755,0.09165574376675414,0.37393946288466307
7_4_24,7_4_24\synth.csv,7_4_24\train.csv,7_4_24\val.csv,7_4_24\test.csv,0.1336323243464811,0.13043268542686282,0.14045121628334298,0.03476632327611388,1.4347495919464932,0.14631612872900496,0.3862814092183617,0.09109736562593884,0.23583282005826606,0.0912193715428136,0.338968653717247
8_0_24,8_0_24\synth.csv,8_0_24\train.csv,8_0_24\val.csv,8_0_24\test.csv,0.10380824814401479,0.13398266962982563,0.10938876745226024,0.027377337381715407,1.2650003897357498,0.1465102875962102,0.3881352450211634,0.09130767063792977,0.24633357080973978,0.08978667378767999,0.3073795827052791
8_1_24,8_1_24\synth.csv,8_1_24\train.csv,8_1_24\val.csv,8_1_24\test.csv,0.11111964354543913,0.14154374891637833,0.03639173430367721,0.03808380080224982,1.5686544415105654,0.1531592738052306,0.4122496613736397,0.08166376557959076,0.22431853633651203,0.08944429708147866,0.36252149765432595
8_2_24,8_2_24\synth.csv,8_2_24\train.csv,8_2_24\val.csv,8_2_24\test.csv,0.1197158232738158,0.14286326195897392,0.0955987284227468,0.029749395365102935,1.1552049455436908,0.15160709924074134,0.3539559220248255,0.08571266205026817,0.2175479311479616,0.09926602376139762,0.3374416844635382
8_3_24,8_3_24\synth.csv,8_3_24\train.csv,8_3_24\val.csv,8_3_24\test.csv,0.08308882330005452,0.14403738191764737,0.09202582534198389,0.04059601168391446,1.416532276507309,0.14309580741972383,0.4447274626532468,0.08949106528440576,0.2628329164779755,0.08921075141979166,0.3382001154455211
8_4_24,8_4_24\synth.csv,8_4_24\train.csv,8_4_24\val.csv,8_4_24\test.csv,0.12919485082402526,0.13043268542686282,0.06913335270211117,0.03113597139419002,1.19486866600171,0.14263718704045966,0.384850469452652,0.09109736562593884,0.23583282005826606,0.09012769858883908,0.35219835878397776
9_0_24,9_0_24\synth.csv,9_0_24\train.csv,9_0_24\val.csv,9_0_24\test.csv,0.10928980876328898,0.13398266962982563,0.10478515346905698,0.020055427204193295,1.152695410186634,0.14984227750082413,0.33344417214166744,0.09130767063792977,0.24633357080973978,0.08897866850491244,0.34421921101913355
9_1_24,9_1_24\synth.csv,9_1_24\train.csv,9_1_24\val.csv,9_1_24\test.csv,0.1272598797303529,0.14154374891637833,0.0672204932273399,0.036187924604875486,1.5736509876937634,0.15985421170486322,0.42367491141695585,0.08166376557959076,0.22431853633651203,0.08573929529961452,0.33771260419152016
9_2_24,9_2_24\synth.csv,9_2_24\train.csv,9_2_24\val.csv,9_2_24\test.csv,0.12307393588143323,0.14286326195897392,0.0601548419319464,0.022213622626735912,1.0923818811682735,0.15045904969707907,0.402356573707413,0.08571266205026817,0.2175479311479616,0.11342952968068674,0.31948766078329943
9_3_24,9_3_24\synth.csv,9_3_24\train.csv,9_3_24\val.csv,9_3_24\test.csv,0.09632346389785096,0.14403738191764737,0.06794561252747706,0.038491611024109945,1.411108974012633,0.14879912656844693,0.41836031846432753,0.08949106528440576,0.2628329164779755,0.0783713414640901,0.2938862122099932
9_4_24,9_4_24\synth.csv,9_4_24\train.csv,9_4_24\val.csv,9_4_24\test.csv,0.13312522772304636,0.13043268542686282,0.052789592982398194,0.0243496355802696,1.2407715774860837,0.13932249322887047,0.3856958113970236,0.09109736562593884,0.23583282005826606,0.09712470146544726,0.3531767940539998
0_0_25,0_0_25\synth.csv,0_0_25\train.csv,0_0_25\val.csv,0_0_25\test.csv,-0.19700333233979328,0.13398266962982563,0.2310740268042195,0.11016930398491452,2.165243161459207,0.13880138982660478,0.5053229118630957,0.09130767063792977,0.24633357080973978,0.09028086106740585,0.3690550302930897
0_1_25,0_1_25\synth.csv,0_1_25\train.csv,0_1_25\val.csv,0_1_25\test.csv,-0.17124846878842792,0.14154374891637833,0.23688905393726722,0.12642142177474217,2.1554707994373103,0.16129170430732265,0.5225554496789206,0.08166376557959076,0.22431853633651203,0.08724113914386541,0.3824534497548285
0_2_25,0_2_25\synth.csv,0_2_25\train.csv,0_2_25\val.csv,0_2_25\test.csv,-0.27360413870886635,0.14286326195897392,0.23894605036749114,0.11424779973925017,1.9579633688121616,0.13120977120272428,0.5120654509204271,0.08571266205026817,0.2175479311479616,0.08541253480334249,0.39523422309956935
0_3_25,0_3_25\synth.csv,0_3_25\train.csv,0_3_25\val.csv,0_3_25\test.csv,-0.2264652791619659,0.14403738191764737,0.24968933802927853,0.11211214044002725,2.136574944984379,0.1364128119633411,0.5085424920392622,0.08949106528440576,0.2628329164779755,0.07694363998082672,0.3690851576071149
0_4_25,0_4_25\synth.csv,0_4_25\train.csv,0_4_25\val.csv,0_4_25\test.csv,-0.20794047691308437,0.13043268542686282,0.21859739846359838,0.11102638237153376,2.2962133726639777,0.12863766659356599,0.5542271928812801,0.09109736562593884,0.23583282005826606,0.0753640995155098,0.3617171411589668
1_0_25,1_0_25\synth.csv,1_0_25\train.csv,1_0_25\val.csv,1_0_25\test.csv,0.13142120126470713,0.13398266962982563,0.16028437744528592,0.07845734184338035,1.6109340846200482,0.1505011055290072,0.4792679940329908,0.09130767063792977,0.24633357080973978,0.07667607970130509,0.3747151057778847
1_1_25,1_1_25\synth.csv,1_1_25\train.csv,1_1_25\val.csv,1_1_25\test.csv,-0.168770603757475,0.14154374891637833,0.24684958927625758,0.10637709581379645,1.3998794112298838,0.14230258416684008,0.46981643873719836,0.08166376557959076,0.22431853633651203,0.10662653217385638,0.4052590663568649
1_2_25,1_2_25\synth.csv,1_2_25\train.csv,1_2_25\val.csv,1_2_25\test.csv,0.0942363542057516,0.14286326195897392,0.19020281530370328,0.08161205393751698,1.1455095525411214,0.14170558804825578,0.40044917208024,0.08571266205026817,0.2175479311479616,0.07825530594539672,0.3983366116004229
1_3_25,1_3_25\synth.csv,1_3_25\train.csv,1_3_25\val.csv,1_3_25\test.csv,0.047278469107264964,0.14403738191764737,0.1343107560750181,0.09650438561751394,1.822634001225925,0.14831954142932713,0.48523411763942104,0.08949106528440576,0.2628329164779755,0.061620394389870776,0.3456586558116957
1_4_25,1_4_25\synth.csv,1_4_25\train.csv,1_4_25\val.csv,1_4_25\test.csv,0.13442900180221262,0.13043268542686282,0.1283006819942748,0.08435317861272701,1.4399535530228589,0.14361178349065024,0.4338873193555163,0.09109736562593884,0.23583282005826606,0.07234158889894166,0.3513384838254737
2_0_25,2_0_25\synth.csv,2_0_25\train.csv,2_0_25\val.csv,2_0_25\test.csv,0.05381556956330713,0.13398266962982563,0.15922510133792733,0.0745912243267627,1.2816393072853485,0.13097444845022505,0.34742221866597456,0.09130767063792977,0.24633357080973978,0.08000037733015035,0.38123171417986373
2_1_25,2_1_25\synth.csv,2_1_25\train.csv,2_1_25\val.csv,2_1_25\test.csv,0.06805556465449836,0.14154374891637833,0.16486275834443062,0.07507836818680778,1.1157701057059481,0.1583129059618977,0.4226552582520665,0.08166376557959076,0.22431853633651203,0.08028868440096204,0.3234300571882836
2_2_25,2_2_25\synth.csv,2_2_25\train.csv,2_2_25\val.csv,2_2_25\test.csv,0.10946896383252058,0.14286326195897392,0.11415907409741988,0.07100369644957961,1.2903764121315842,0.14378687797011763,0.4318715997022319,0.08571266205026817,0.2175479311479616,0.09061248395522706,0.3746147010065722
2_3_25,2_3_25\synth.csv,2_3_25\train.csv,2_3_25\val.csv,2_3_25\test.csv,0.029333615755787412,0.14403738191764737,0.14683965725325177,0.08132396932267862,1.6396272939195577,0.147645782903863,0.429308009970533,0.08949106528440576,0.2628329164779755,0.07433026753390296,0.3748726768871714
2_4_25,2_4_25\synth.csv,2_4_25\train.csv,2_4_25\val.csv,2_4_25\test.csv,0.07542670228993065,0.13043268542686282,0.16637803497359827,0.08029799008027216,1.1457050559828732,0.1365435480628905,0.4098364392664582,0.09109736562593884,0.23583282005826606,0.07969049340774648,0.3939895122542881
3_0_25,3_0_25\synth.csv,3_0_25\train.csv,3_0_25\val.csv,3_0_25\test.csv,0.05058447161602275,0.13398266962982563,0.16836371786272752,0.06286987347798817,1.4221850658860886,0.1507931773957127,0.4546039068841159,0.09130767063792977,0.24633357080973978,0.08101227291993238,0.36192747518179885
3_1_25,3_1_25\synth.csv,3_1_25\train.csv,3_1_25\val.csv,3_1_25\test.csv,0.05568157824320663,0.14154374891637833,0.11057540785985542,0.07035722742084977,1.273719211465412,0.15532013243251552,0.3920858273123261,0.08166376557959076,0.22431853633651203,0.08846856024668405,0.37269702958331297
3_2_25,3_2_25\synth.csv,3_2_25\train.csv,3_2_25\val.csv,3_2_25\test.csv,0.07173847008900003,0.14286326195897392,0.11471591846498606,0.06651476018910513,1.1810152109869665,0.13928922650285214,0.4274161564705528,0.08571266205026817,0.2175479311479616,0.07752893547053175,0.3359117043899118
3_3_25,3_3_25\synth.csv,3_3_25\train.csv,3_3_25\val.csv,3_3_25\test.csv,0.010844318311029055,0.14403738191764737,0.14872162758146587,0.07756666592384812,1.5502393917303017,0.12889971317542281,0.44754219784875116,0.08949106528440576,0.2628329164779755,0.07254443963542599,0.39470090402438673
3_4_25,3_4_25\synth.csv,3_4_25\train.csv,3_4_25\val.csv,3_4_25\test.csv,0.08327845871707584,0.13043268542686282,0.16099397858305828,0.06717000076226282,1.3016443956369297,0.1437883617964968,0.4354019231733368,0.09109736562593884,0.23583282005826606,0.07662363923705848,0.3380337077421718
4_0_25,4_0_25\synth.csv,4_0_25\train.csv,4_0_25\val.csv,4_0_25\test.csv,0.07196267445229332,0.13398266962982563,0.11917785566255772,0.05655989036697293,1.585163381435069,0.16012707552018146,0.39679539612256887,0.09130767063792977,0.24633357080973978,0.08333807114587533,0.33001449990756
4_1_25,4_1_25\synth.csv,4_1_25\train.csv,4_1_25\val.csv,4_1_25\test.csv,0.06997316081825067,0.14154374891637833,0.09818260813406886,0.06331419331977782,1.4315716997362062,0.15661039506135752,0.430553053222009,0.08166376557959076,0.22431853633651203,0.08420258412155561,0.39226590671807515
4_2_25,4_2_25\synth.csv,4_2_25\train.csv,4_2_25\val.csv,4_2_25\test.csv,0.10632180656013612,0.14286326195897392,0.1068026709096012,0.05069233899763953,1.202803761358698,0.14591997036425708,0.4012592535350709,0.08571266205026817,0.2175479311479616,0.08419537478310798,0.33913847409954684
4_3_25,4_3_25\synth.csv,4_3_25\train.csv,4_3_25\val.csv,4_3_25\test.csv,0.05044704284161916,0.14403738191764737,0.13065116452971895,0.05859204601423603,1.6847119323760986,0.1352537247618596,0.43551080936059605,0.08949106528440576,0.2628329164779755,0.08509615509522556,0.3467092345671594
4_4_25,4_4_25\synth.csv,4_4_25\train.csv,4_4_25\val.csv,4_4_25\test.csv,0.10266118989836726,0.13043268542686282,0.15272360047050904,0.05441835846492815,1.4335971122816293,0.13688177943119056,0.383912386513019,0.09109736562593884,0.23583282005826606,0.08173741158035895,0.37204958249292563
5_0_25,5_0_25\synth.csv,5_0_25\train.csv,5_0_25\val.csv,5_0_25\test.csv,0.08933661660475511,0.13398266962982563,0.11701781591162708,0.036928693042413585,1.4249235778644684,0.147242473140221,0.4212571907832979,0.09130767063792977,0.24633357080973978,0.0817105482523269,0.34449631277631426
5_1_25,5_1_25\synth.csv,5_1_25\train.csv,5_1_25\val.csv,5_1_25\test.csv,0.10280729129262667,0.14154374891637833,0.09833700806427333,0.055145588321263955,1.5150162670697818,0.15178255302245786,0.4234936789556227,0.08166376557959076,0.22431853633651203,0.07749881386284424,0.3550823499822795
5_2_25,5_2_25\synth.csv,5_2_25\train.csv,5_2_25\val.csv,5_2_25\test.csv,0.11468405321124031,0.14286326195897392,0.10303791988841464,0.04847177492798806,1.1496022658373697,0.12738253513455164,0.3677597691897176,0.08571266205026817,0.2175479311479616,0.09236639667116386,0.34329667141135023
5_3_25,5_3_25\synth.csv,5_3_25\train.csv,5_3_25\val.csv,5_3_25\test.csv,0.07796241815110294,0.14403738191764737,0.09490092447375993,0.051684829959241944,1.4970058792146999,0.14084682630434653,0.3857106453679259,0.08949106528440576,0.2628329164779755,0.09405223489596048,0.3744292352662311
5_4_25,5_4_25\synth.csv,5_4_25\train.csv,5_4_25\val.csv,5_4_25\test.csv,0.12193007581615922,0.13043268542686282,0.1413878842299713,0.043399466592695016,1.5728861355338188,0.14435048471169315,0.36311452115431986,0.09109736562593884,0.23583282005826606,0.08966558417210328,0.366501926671571
6_0_25,6_0_25\synth.csv,6_0_25\train.csv,6_0_25\val.csv,6_0_25\test.csv,0.09176519744426503,0.13398266962982563,0.08792033170548008,0.028988700875573085,1.3537481767027544,0.14802133102172194,0.44481516405162136,0.09130767063792977,0.24633357080973978,0.0989726442937717,0.36663655924269334
6_1_25,6_1_25\synth.csv,6_1_25\train.csv,6_1_25\val.csv,6_1_25\test.csv,0.09398958162740256,0.14154374891637833,0.10939096455631281,0.04454432901050119,1.3572429061480722,0.15838627045080617,0.39592883143957985,0.08166376557959076,0.22431853633651203,0.09598198024086774,0.3585676624390376
6_2_25,6_2_25\synth.csv,6_2_25\train.csv,6_2_25\val.csv,6_2_25\test.csv,0.10753116679422614,0.14286326195897392,0.10434140687113973,0.04036178575514694,1.1163425410141288,0.13584487375613316,0.3743666477599473,0.08571266205026817,0.2175479311479616,0.09219009346064547,0.325840347054858
6_3_25,6_3_25\synth.csv,6_3_25\train.csv,6_3_25\val.csv,6_3_25\test.csv,0.09160832599143232,0.14403738191764737,0.10517821241594004,0.045827780427469794,1.3791411678925223,0.13152277921458638,0.3913188787025005,0.08949106528440576,0.2628329164779755,0.08601235352406625,0.35979252034547893
6_4_25,6_4_25\synth.csv,6_4_25\train.csv,6_4_25\val.csv,6_4_25\test.csv,0.12179315240313882,0.13043268542686282,0.14853102475395366,0.03855809830116025,1.4220032626146704,0.14246538551201407,0.40084330076254193,0.09109736562593884,0.23583282005826606,0.08870678237628088,0.3491271600004327
7_0_25,7_0_25\synth.csv,7_0_25\train.csv,7_0_25\val.csv,7_0_25\test.csv,0.091379086848975,0.13398266962982563,0.10903724097055023,0.026163133224328363,1.3109451113408492,0.1473095974107968,0.39854042488523367,0.09130767063792977,0.24633357080973978,0.09931115764532913,0.34912510593546
7_1_25,7_1_25\synth.csv,7_1_25\train.csv,7_1_25\val.csv,7_1_25\test.csv,0.09781147702590909,0.14154374891637833,0.05978743431197695,0.04408088997508205,1.4048394923655834,0.15272139800885887,0.3906500068806734,0.08166376557959076,0.22431853633651203,0.10201327112286762,0.35533729789691304
7_2_25,7_2_25\synth.csv,7_2_25\train.csv,7_2_25\val.csv,7_2_25\test.csv,0.12466363056352736,0.14286326195897392,0.09906448509328879,0.03302543240843065,1.0690575733621777,0.14459926613587887,0.3640684858206992,0.08571266205026817,0.2175479311479616,0.09241626449255082,0.3407623536903092
7_3_25,7_3_25\synth.csv,7_3_25\train.csv,7_3_25\val.csv,7_3_25\test.csv,0.0961833085337751,0.14403738191764737,0.10671499679232438,0.047936476493783284,1.4601144724513144,0.15359988096008975,0.4431947622231719,0.08949106528440576,0.2628329164779755,0.09412092331157645,0.3476667846062941
7_4_25,7_4_25\synth.csv,7_4_25\train.csv,7_4_25\val.csv,7_4_25\test.csv,0.1227873096708959,0.13043268542686282,0.14733554695355897,0.031443211985783516,1.3103188537774668,0.1505308221119636,0.42867438399029434,0.09109736562593884,0.23583282005826606,0.09948431583633531,0.3539765027536249
8_0_25,8_0_25\synth.csv,8_0_25\train.csv,8_0_25\val.csv,8_0_25\test.csv,0.10514608625829491,0.13398266962982563,0.10882918830096722,0.026900553378679498,1.297623309873476,0.14180792535306233,0.364107101446534,0.09130767063792977,0.24633357080973978,0.09912089262884698,0.3058897136259973
8_1_25,8_1_25\synth.csv,8_1_25\train.csv,8_1_25\val.csv,8_1_25\test.csv,0.09439581068286174,0.14154374891637833,0.05545912676981877,0.03388889293365786,1.5646859399037474,0.16056704908111874,0.39229055731072665,0.08166376557959076,0.22431853633651203,0.09662786982546502,0.3306974733669352
8_2_25,8_2_25\synth.csv,8_2_25\train.csv,8_2_25\val.csv,8_2_25\test.csv,0.11986630952518507,0.14286326195897392,0.09936128586741504,0.028747003149956096,1.118919988646954,0.1510912295046295,0.3562525708528183,0.08571266205026817,0.2175479311479616,0.10283312947893551,0.35332589787852475
8_3_25,8_3_25\synth.csv,8_3_25\train.csv,8_3_25\val.csv,8_3_25\test.csv,0.10649810082846012,0.14403738191764737,0.10089640018921504,0.040915797062908446,1.5168204880737366,0.1535131122019175,0.4175031547467084,0.08949106528440576,0.2628329164779755,0.09840462041895878,0.34821679649822446
8_4_25,8_4_25\synth.csv,8_4_25\train.csv,8_4_25\val.csv,8_4_25\test.csv,0.11370585201299277,0.13043268542686282,0.06852622232479204,0.027408903551522618,1.1653298905637002,0.14680252393631252,0.41561676932544556,0.09109736562593884,0.23583282005826606,0.11821428355874437,0.36642773012027124
9_0_25,9_0_25\synth.csv,9_0_25\train.csv,9_0_25\val.csv,9_0_25\test.csv,0.10938141605672069,0.13398266962982563,0.10242804633724172,0.01707104602236167,1.1975094367088244,0.14244171460298455,0.38017920141790895,0.09130767063792977,0.24633357080973978,0.1031646617270176,0.3442959571475365
9_1_25,9_1_25\synth.csv,9_1_25\train.csv,9_1_25\val.csv,9_1_25\test.csv,0.12169353851584253,0.14154374891637833,0.06940728513738476,0.029735452472027225,1.496962047415727,0.16720932090508633,0.39715592702333413,0.08166376557959076,0.22431853633651203,0.10592711697400646,0.3649231856706946
9_2_25,9_2_25\synth.csv,9_2_25\train.csv,9_2_25\val.csv,9_2_25\test.csv,0.11879986996192493,0.14286326195897392,0.07673743335325305,0.019383318968439322,1.0621071812917526,0.14922534991778524,0.37740326417764575,0.08571266205026817,0.2175479311479616,0.11433095501872942,0.3497656410863461
9_3_25,9_3_25\synth.csv,9_3_25\train.csv,9_3_25\val.csv,9_3_25\test.csv,0.11284684816987345,0.14403738191764737,0.08485057279729362,0.038326395117048835,1.4693218598312838,0.16044720486401037,0.39929836979741273,0.08949106528440576,0.2628329164779755,0.08915555372764761,0.35083193478489916
9_4_25,9_4_25\synth.csv,9_4_25\train.csv,9_4_25\val.csv,9_4_25\test.csv,0.11711914223320918,0.13043268542686282,0.04982703838937402,0.02332737272760793,1.3002319096197168,0.1501242933648277,0.431653492914352,0.09109736562593884,0.23583282005826606,0.12585657776696685,0.38083552632653955
0_0_26,0_0_26\synth.csv,0_0_26\train.csv,0_0_26\val.csv,0_0_26\test.csv,-0.1770331522617572,0.13398266962982563,0.2237368331311028,0.1106043417399514,2.1832272985700167,0.1443709666925277,0.5157888782870641,0.09130767063792977,0.24633357080973978,0.0756359233310045,0.37575235636517623
0_1_26,0_1_26\synth.csv,0_1_26\train.csv,0_1_26\val.csv,0_1_26\test.csv,-0.17966690303906807,0.14154374891637833,0.2338274684276808,0.12452089763345987,2.1768789198509686,0.12989674665989712,0.4963868366728068,0.08166376557959076,0.22431853633651203,0.08734542482263577,0.3884673883973193
0_2_26,0_2_26\synth.csv,0_2_26\train.csv,0_2_26\val.csv,0_2_26\test.csv,-0.2626760860712085,0.14286326195897392,0.24290049419551832,0.1148295252327442,1.998775039398652,0.12668309757898633,0.4929156147451099,0.08571266205026817,0.2175479311479616,0.07059471233052644,0.3486345075479725
0_3_26,0_3_26\synth.csv,0_3_26\train.csv,0_3_26\val.csv,0_3_26\test.csv,-0.2229387927298363,0.14403738191764737,0.25411541644172814,0.11258625207487741,2.1554924006634724,0.13355578508502172,0.614297519819123,0.08949106528440576,0.2628329164779755,0.07236037690825914,0.3493325134078693
0_4_26,0_4_26\synth.csv,0_4_26\train.csv,0_4_26\val.csv,0_4_26\test.csv,-0.2032610835561084,0.13043268542686282,0.21314659090635812,0.10868595153669264,2.28006230914744,0.13280861438294714,0.5393605449664194,0.09109736562593884,0.23583282005826606,0.07645565556454095,0.4058647301534526
1_0_26,1_0_26\synth.csv,1_0_26\train.csv,1_0_26\val.csv,1_0_26\test.csv,0.12818014975927483,0.13398266962982563,0.14758657126572602,0.07702628369642762,1.7056368282502636,0.1627269659004358,0.5319436934568822,0.09130767063792977,0.24633357080973978,0.06420816681672023,0.3184555558271116
1_1_26,1_1_26\synth.csv,1_1_26\train.csv,1_1_26\val.csv,1_1_26\test.csv,-0.14864693826732212,0.14154374891637833,0.23876291621524384,0.10527166706517359,1.422229925058785,0.15345277541000468,0.4469597245574187,0.08166376557959076,0.22431853633651203,0.10273562751038123,0.3577230208674549
1_2_26,1_2_26\synth.csv,1_2_26\train.csv,1_2_26\val.csv,1_2_26\test.csv,0.038068494599005076,0.14286326195897392,0.179085721438259,0.08119313277188533,1.1526028622704998,0.11819907426592133,0.37546922341422595,0.08571266205026817,0.2175479311479616,0.06981883905990048,0.3389716483280056
1_3_26,1_3_26\synth.csv,1_3_26\train.csv,1_3_26\val.csv,1_3_26\test.csv,0.05628064209106398,0.14403738191764737,0.14023928061790653,0.09481821476322519,1.7802315739195564,0.14089849793773795,0.47047429502698446,0.08949106528440576,0.2628329164779755,0.060098277135939585,0.3363272809699892
1_4_26,1_4_26\synth.csv,1_4_26\train.csv,1_4_26\val.csv,1_4_26\test.csv,0.14228636226270042,0.13043268542686282,0.1333442208405374,0.0827972092881871,1.4349681830764123,0.1451881792848685,0.4302383909721547,0.09109736562593884,0.23583282005826606,0.0703344013876618,0.3584925859515755
2_0_26,2_0_26\synth.csv,2_0_26\train.csv,2_0_26\val.csv,2_0_26\test.csv,0.04887251960509753,0.13398266962982563,0.16778123688439447,0.0769083114570975,1.2850550132760736,0.13656037340686505,0.39481743151253945,0.09130767063792977,0.24633357080973978,0.06871812347862666,0.30456310023717437
2_1_26,2_1_26\synth.csv,2_1_26\train.csv,2_1_26\val.csv,2_1_26\test.csv,0.05644572846288731,0.14154374891637833,0.13791104881827754,0.07346698576083613,1.2532644154747559,0.15157221772468094,0.4389727055313518,0.08166376557959076,0.22431853633651203,0.08801954115598806,0.34273740793566104
2_2_26,2_2_26\synth.csv,2_2_26\train.csv,2_2_26\val.csv,2_2_26\test.csv,0.06663131597441896,0.14286326195897392,0.11392677727802698,0.07089267295553651,1.1901542384554606,0.12930017989240647,0.4038507243741759,0.08571266205026817,0.2175479311479616,0.08769271234356149,0.3617350110686962
2_3_26,2_3_26\synth.csv,2_3_26\train.csv,2_3_26\val.csv,2_3_26\test.csv,0.030743047347777774,0.14403738191764737,0.14608781873131516,0.07921020701846557,1.582526984830534,0.1318417970542706,0.3937179440416422,0.08949106528440576,0.2628329164779755,0.07717740652306801,0.3526233961869156
2_4_26,2_4_26\synth.csv,2_4_26\train.csv,2_4_26\val.csv,2_4_26\test.csv,0.07274127508228412,0.13043268542686282,0.16308174118571409,0.07751634414882466,1.187830632983996,0.1491824915138692,0.4530917915478695,0.09109736562593884,0.23583282005826606,0.07427800236501446,0.3642909595334201
3_0_26,3_0_26\synth.csv,3_0_26\train.csv,3_0_26\val.csv,3_0_26\test.csv,0.06489041379692839,0.13398266962982563,0.16919300906839907,0.059261358024548794,1.408989995018188,0.13637315921024992,0.35895581142504207,0.09130767063792977,0.24633357080973978,0.08118851516649267,0.38239860613550347
3_1_26,3_1_26\synth.csv,3_1_26\train.csv,3_1_26\val.csv,3_1_26\test.csv,0.06389442624786779,0.14154374891637833,0.1184795402560257,0.06668128131617411,1.3631539393548417,0.1482722827160151,0.4084975631673467,0.08166376557959076,0.22431853633651203,0.08303450176600996,0.3652402057555134
3_2_26,3_2_26\synth.csv,3_2_26\train.csv,3_2_26\val.csv,3_2_26\test.csv,0.08846369521036124,0.14286326195897392,0.11324320903024117,0.06730529376457597,1.108505438748913,0.12724273831929034,0.405930036194711,0.08571266205026817,0.2175479311479616,0.08491559621318522,0.3577396176374049
3_3_26,3_3_26\synth.csv,3_3_26\train.csv,3_3_26\val.csv,3_3_26\test.csv,0.023354464242528628,0.14403738191764737,0.13142461167152933,0.07629928080066206,1.4363278237949078,0.1272404492811952,0.4832723490946915,0.08949106528440576,0.2628329164779755,0.07646727528894368,0.35768965985592205
3_4_26,3_4_26\synth.csv,3_4_26\train.csv,3_4_26\val.csv,3_4_26\test.csv,0.09124090876173874,0.13043268542686282,0.17040652672197013,0.06556024190158435,1.2756478971565142,0.15221731295432644,0.44505291237815603,0.09109736562593884,0.23583282005826606,0.07417298543636888,0.3706778956423017
4_0_26,4_0_26\synth.csv,4_0_26\train.csv,4_0_26\val.csv,4_0_26\test.csv,0.0744017810007811,0.13398266962982563,0.1237672066137509,0.05780128261475819,1.6704227194492178,0.14525814050427707,0.3877213594970925,0.09130767063792977,0.24633357080973978,0.07609000934268664,0.35952495277968444
4_1_26,4_1_26\synth.csv,4_1_26\train.csv,4_1_26\val.csv,4_1_26\test.csv,0.0743906704858095,0.14154374891637833,0.11469861258326375,0.06263168455511903,1.3955636951214676,0.15707664214939956,0.41089897149288196,0.08166376557959076,0.22431853633651203,0.08459721328604197,0.30130396981387797
4_2_26,4_2_26\synth.csv,4_2_26\train.csv,4_2_26\val.csv,4_2_26\test.csv,0.09884132942342105,0.14286326195897392,0.10688531421105103,0.04901924821324111,1.1687986631230218,0.14298866040780545,0.4034380860543111,0.08571266205026817,0.2175479311479616,0.08998815702441236,0.33360039401713626
4_3_26,4_3_26\synth.csv,4_3_26\train.csv,4_3_26\val.csv,4_3_26\test.csv,0.05582323174847603,0.14403738191764737,0.12527942055407348,0.0598226779383375,1.603899135926911,0.14502190612636495,0.4237911842138584,0.08949106528440576,0.2628329164779755,0.07420098868239876,0.33921642796063417
4_4_26,4_4_26\synth.csv,4_4_26\train.csv,4_4_26\val.csv,4_4_26\test.csv,0.11037989950197791,0.13043268542686282,0.14840400293316475,0.057737603335131914,1.3781517157397072,0.14291301582826504,0.39879026687754243,0.09109736562593884,0.23583282005826606,0.071140290958274,0.36004654722067814
5_0_26,5_0_26\synth.csv,5_0_26\train.csv,5_0_26\val.csv,5_0_26\test.csv,0.09386699404683163,0.13398266962982563,0.11123618900367821,0.040256087179497364,1.5525810938314253,0.14092281770040804,0.40487813646512427,0.09130767063792977,0.24633357080973978,0.08338796311881565,0.3423291470955173
5_1_26,5_1_26\synth.csv,5_1_26\train.csv,5_1_26\val.csv,5_1_26\test.csv,0.0734599712596723,0.14154374891637833,0.09929432642378135,0.058692764905617506,1.4982475979873073,0.1486080072680875,0.4129766643098676,0.08166376557959076,0.22431853633651203,0.08123519864070136,0.3419886458631939
5_2_26,5_2_26\synth.csv,5_2_26\train.csv,5_2_26\val.csv,5_2_26\test.csv,0.10376170158058329,0.14286326195897392,0.09727830511166706,0.048624285091999404,1.1995777863378885,0.14582732334317317,0.39606875438593664,0.08571266205026817,0.2175479311479616,0.08169781479050561,0.33231563158803556
5_3_26,5_3_26\synth.csv,5_3_26\train.csv,5_3_26\val.csv,5_3_26\test.csv,0.08492182132136783,0.14403738191764737,0.10116398236622659,0.05329889400517544,1.4928032885031595,0.13155501867217906,0.36511279690037574,0.08949106528440576,0.2628329164779755,0.07786148246608082,0.35000702746723605
5_4_26,5_4_26\synth.csv,5_4_26\train.csv,5_4_26\val.csv,5_4_26\test.csv,0.12459927273505389,0.13043268542686282,0.13796792997216434,0.047602064153899344,1.5464747496073297,0.129802457914578,0.3535870111086721,0.09109736562593884,0.23583282005826606,0.0782211910754936,0.3624267041000756
6_0_26,6_0_26\synth.csv,6_0_26\train.csv,6_0_26\val.csv,6_0_26\test.csv,0.09365464477239038,0.13398266962982563,0.08739186942262721,0.030562985244332763,1.3646268559597408,0.1479814220886786,0.4123586003435855,0.09130767063792977,0.24633357080973978,0.09690421012687012,0.35153664758149245
6_1_26,6_1_26\synth.csv,6_1_26\train.csv,6_1_26\val.csv,6_1_26\test.csv,0.1012284962696044,0.14154374891637833,0.10211916282152599,0.049930007458490216,1.3853926133648216,0.16004477522944693,0.4009380325720382,0.08166376557959076,0.22431853633651203,0.08961030021428304,0.3922901640700379
6_2_26,6_2_26\synth.csv,6_2_26\train.csv,6_2_26\val.csv,6_2_26\test.csv,0.11958432000986563,0.14286326195897392,0.08912931467388911,0.038872100141517686,1.1968269329142214,0.13800399261969634,0.36658056367412833,0.08571266205026817,0.2175479311479616,0.0875924858835313,0.35158083171269855
6_3_26,6_3_26\synth.csv,6_3_26\train.csv,6_3_26\val.csv,6_3_26\test.csv,0.08451295728379626,0.14403738191764737,0.10917703418810715,0.04864768914780988,1.360245534770182,0.14029617178666948,0.42078195330916757,0.08949106528440576,0.2628329164779755,0.086754528415001,0.3075138886053238
6_4_26,6_4_26\synth.csv,6_4_26\train.csv,6_4_26\val.csv,6_4_26\test.csv,0.12038551827396549,0.13043268542686282,0.15520693039601666,0.0388579856622005,1.3969439540620479,0.127972926470006,0.32850927705742006,0.09109736562593884,0.23583282005826606,0.08014929462325154,0.3705885409881895
7_0_26,7_0_26\synth.csv,7_0_26\train.csv,7_0_26\val.csv,7_0_26\test.csv,0.09812469672765478,0.13398266962982563,0.10445047587119,0.03354851477828417,1.3747051517886373,0.1323852857170083,0.40950511936710465,0.09130767063792977,0.24633357080973978,0.11808908434592745,0.34990359705514185
7_1_26,7_1_26\synth.csv,7_1_26\train.csv,7_1_26\val.csv,7_1_26\test.csv,0.09477283799533487,0.14154374891637833,0.05150773281234114,0.052361535864376,1.3632340003352934,0.16075038253612034,0.4027602937417125,0.08166376557959076,0.22431853633651203,0.08863785456699953,0.36396313826590415
7_2_26,7_2_26\synth.csv,7_2_26\train.csv,7_2_26\val.csv,7_2_26\test.csv,0.11937185621014124,0.14286326195897392,0.09779996119364646,0.033768184962470374,1.2004438609876775,0.14832844981993376,0.3504458514119887,0.08571266205026817,0.2175479311479616,0.09499394839736702,0.3400804962001549
7_3_26,7_3_26\synth.csv,7_3_26\train.csv,7_3_26\val.csv,7_3_26\test.csv,0.0930859714123824,0.14403738191764737,0.12342133091551107,0.05326640800865929,1.3723239642193255,0.13430292140620217,0.4628674894253321,0.08949106528440576,0.2628329164779755,0.08594166094228957,0.3305801975289679
7_4_26,7_4_26\synth.csv,7_4_26\train.csv,7_4_26\val.csv,7_4_26\test.csv,0.12366099294260657,0.13043268542686282,0.14003615759548013,0.038345322493073555,1.4061996775439376,0.13142345032563751,0.36160493042943054,0.09109736562593884,0.23583282005826606,0.09246020639981176,0.38048169908289875
8_0_26,8_0_26\synth.csv,8_0_26\train.csv,8_0_26\val.csv,8_0_26\test.csv,0.09243908949410673,0.13398266962982563,0.10106079460105583,0.03214392106256191,1.3790560259164222,0.1433234523306024,0.3637498630697441,0.09130767063792977,0.24633357080973978,0.11252514300382077,0.3791192379918559
8_1_26,8_1_26\synth.csv,8_1_26\train.csv,8_1_26\val.csv,8_1_26\test.csv,0.10992772883045632,0.14154374891637833,0.04979913575657912,0.04130166451458889,1.5601662098443607,0.15689040420648337,0.369814010066002,0.08166376557959076,0.22431853633651203,0.08839502807138781,0.3302339527647431
8_2_26,8_2_26\synth.csv,8_2_26\train.csv,8_2_26\val.csv,8_2_26\test.csv,0.11629002781282538,0.14286326195897392,0.09253550405838756,0.02857544836986428,1.2272568191981907,0.15051778140991745,0.33475284340805844,0.08571266205026817,0.2175479311479616,0.0982520494762275,0.3548926533564512
8_3_26,8_3_26\synth.csv,8_3_26\train.csv,8_3_26\val.csv,8_3_26\test.csv,0.09734539164644151,0.14403738191764737,0.10197301021251937,0.03918285290752845,1.4726674653257434,0.1475993964826538,0.40089736383248287,0.08949106528440576,0.2628329164779755,0.09153674561267594,0.3105858237350836
8_4_26,8_4_26\synth.csv,8_4_26\train.csv,8_4_26\val.csv,8_4_26\test.csv,0.11983888445628121,0.13043268542686282,0.05576669702512108,0.03466446519713636,1.2234467622792828,0.1363823919655247,0.37647406826892316,0.09109736562593884,0.23583282005826606,0.09002202444056412,0.35015733821494555
9_0_26,9_0_26\synth.csv,9_0_26\train.csv,9_0_26\val.csv,9_0_26\test.csv,0.10552219796955076,0.13398266962982563,0.10006772694659401,0.0244623395913537,1.3010050059467217,0.13543647589625712,0.33946447569872773,0.09130767063792977,0.24633357080973978,0.11135978673490539,0.2957911766069901
9_1_26,9_1_26\synth.csv,9_1_26\train.csv,9_1_26\val.csv,9_1_26\test.csv,0.12203382277835306,0.14154374891637833,0.07017854609170408,0.03850997530354689,1.5232017858291398,0.15857225217406679,0.36649451224451224,0.08166376557959076,0.22431853633651203,0.08427838099908735,0.36283125172938807
9_2_26,9_2_26\synth.csv,9_2_26\train.csv,9_2_26\val.csv,9_2_26\test.csv,0.11456035722684677,0.14286326195897392,0.07420136478255705,0.021201852349429028,1.0561173334275586,0.15261481793610007,0.3883954219696742,0.08571266205026817,0.2175479311479616,0.12063819777561635,0.3503391293149922
9_3_26,9_3_26\synth.csv,9_3_26\train.csv,9_3_26\val.csv,9_3_26\test.csv,0.10694246669239305,0.14403738191764737,0.07482938762039026,0.03890030949905317,1.437397932896635,0.14816115384934792,0.37724553289690943,0.08949106528440576,0.2628329164779755,0.08670534403348197,0.33855955521371794
9_4_26,9_4_26\synth.csv,9_4_26\train.csv,9_4_26\val.csv,9_4_26\test.csv,0.11714860100753322,0.13043268542686282,0.04199509797279229,0.02894987335453568,1.2677387830580098,0.13026295648890723,0.3945339954036241,0.09109736562593884,0.23583282005826606,0.11040096494186877,0.35018519725090913
0_0_27,0_0_27\synth.csv,0_0_27\train.csv,0_0_27\val.csv,0_0_27\test.csv,-0.2007566158427665,0.13398266962982563,0.23659906070130085,0.11114235800773967,2.148350879446491,0.12265012380776923,0.5650080354338397,0.09130767063792977,0.24633357080973978,0.08213024876715933,0.3604355985116002
0_1_27,0_1_27\synth.csv,0_1_27\train.csv,0_1_27\val.csv,0_1_27\test.csv,-0.1932980788978218,0.14154374891637833,0.23396126020409805,0.12317899408936252,2.1334518140190943,0.14526101626624163,0.5227671743076527,0.08166376557959076,0.22431853633651203,0.07867178044220398,0.33139567537139614
0_2_27,0_2_27\synth.csv,0_2_27\train.csv,0_2_27\val.csv,0_2_27\test.csv,-0.27240468740395474,0.14286326195897392,0.23337894426800157,0.11494432887868207,1.9754276539003455,0.12157650565458558,0.48359363059847316,0.08571266205026817,0.2175479311479616,0.07790993515035813,0.377758304309347
0_3_27,0_3_27\synth.csv,0_3_27\train.csv,0_3_27\val.csv,0_3_27\test.csv,-0.2447330716306424,0.14403738191764737,0.26075961971004696,0.11276873929153766,2.1479537916515783,0.1300837772266435,0.5452156780160464,0.08949106528440576,0.2628329164779755,0.07599907304862555,0.4346487299384407
0_4_27,0_4_27\synth.csv,0_4_27\train.csv,0_4_27\val.csv,0_4_27\test.csv,-0.20200896147306646,0.13043268542686282,0.21957920389942134,0.11041837852435857,2.2970102217268558,0.1428513205352841,0.4935966155058752,0.09109736562593884,0.23583282005826606,0.07263905288799401,0.3639695708958457
1_0_27,1_0_27\synth.csv,1_0_27\train.csv,1_0_27\val.csv,1_0_27\test.csv,0.11123274784171289,0.13398266962982563,0.1574472228937017,0.07953905528899571,1.5523434118200419,0.1339571085907839,0.5058569377079378,0.09130767063792977,0.24633357080973978,0.06625834735710114,0.3320392508022091
1_1_27,1_1_27\synth.csv,1_1_27\train.csv,1_1_27\val.csv,1_1_27\test.csv,-0.1621378766602246,0.14154374891637833,0.23485787518915488,0.10388692113203622,1.3492089975128199,0.14292979019781438,0.4707485951230175,0.08166376557959076,0.22431853633651203,0.08773670187413,0.3606018926888247
1_2_27,1_2_27\synth.csv,1_2_27\train.csv,1_2_27\val.csv,1_2_27\test.csv,-0.00837860380879496,0.14286326195897392,0.17769802410618754,0.08521926550759362,1.2356632807912815,0.13222129787900946,0.48518916042047844,0.08571266205026817,0.2175479311479616,0.06687574361968679,0.35091157900769915
1_3_27,1_3_27\synth.csv,1_3_27\train.csv,1_3_27\val.csv,1_3_27\test.csv,0.045719739477116716,0.14403738191764737,0.1425560782178341,0.09488431464273389,1.7652321445415342,0.1426826510001687,0.4433775296948613,0.08949106528440576,0.2628329164779755,0.06323318249181871,0.34875153466848274
1_4_27,1_4_27\synth.csv,1_4_27\train.csv,1_4_27\val.csv,1_4_27\test.csv,0.13689156206409703,0.13043268542686282,0.12788355803021867,0.0815449135915566,1.396633420952038,0.14039519320576593,0.49677609393263467,0.09109736562593884,0.23583282005826606,0.06717141452680309,0.35076814314247506
2_0_27,2_0_27\synth.csv,2_0_27\train.csv,2_0_27\val.csv,2_0_27\test.csv,0.06692707924448948,0.13398266962982563,0.16680617997483674,0.0782589430357687,1.241572564124211,0.1302046637285002,0.5218669880562028,0.09130767063792977,0.24633357080973978,0.06829686840323815,0.32635687270880587
2_1_27,2_1_27\synth.csv,2_1_27\train.csv,2_1_27\val.csv,2_1_27\test.csv,0.05851293475373898,0.14154374891637833,0.14886954106956649,0.07607142029197833,1.1671868834559371,0.15150754209196213,0.4236119559979588,0.08166376557959076,0.22431853633651203,0.09669868885958152,0.3807423886900071
2_2_27,2_2_27\synth.csv,2_2_27\train.csv,2_2_27\val.csv,2_2_27\test.csv,0.09258105306384545,0.14286326195897392,0.10825092607291716,0.07112434853214197,1.2766636564910605,0.13929675014060505,0.4450874851489757,0.08571266205026817,0.2175479311479616,0.08317840946422288,0.36299653220154104
2_3_27,2_3_27\synth.csv,2_3_27\train.csv,2_3_27\val.csv,2_3_27\test.csv,0.10757279502684836,0.14403738191764737,0.13940667938926893,0.08153089552224706,1.7156397131869565,0.14472187634904438,0.39953944869425034,0.08949106528440576,0.2628329164779755,0.06728146254360855,0.33881804980141006
2_4_27,2_4_27\synth.csv,2_4_27\train.csv,2_4_27\val.csv,2_4_27\test.csv,0.09387902084131394,0.13043268542686282,0.14630613587778196,0.077435307413,1.203734645614348,0.14110366959670728,0.4971628870364657,0.09109736562593884,0.23583282005826606,0.06846464674965883,0.32920203859185104
3_0_27,3_0_27\synth.csv,3_0_27\train.csv,3_0_27\val.csv,3_0_27\test.csv,0.045072987573898216,0.13398266962982563,0.16887389073706638,0.06550955278201133,1.3769896768849774,0.13372125765611154,0.3685346982396519,0.09130767063792977,0.24633357080973978,0.07723591253461669,0.34338281239885204
3_1_27,3_1_27\synth.csv,3_1_27\train.csv,3_1_27\val.csv,3_1_27\test.csv,0.07090164661138665,0.14154374891637833,0.10926590293077633,0.06709032549839831,1.2690821414358824,0.15225341302587025,0.4235867422172358,0.08166376557959076,0.22431853633651203,0.07839505777346469,0.3830549087708657
3_2_27,3_2_27\synth.csv,3_2_27\train.csv,3_2_27\val.csv,3_2_27\test.csv,0.05968582309963577,0.14286326195897392,0.11455558500449407,0.06748078789416423,1.1553474102523187,0.14975578597351924,0.43678304893053443,0.08571266205026817,0.2175479311479616,0.08111518688807194,0.3838465184650399
3_3_27,3_3_27\synth.csv,3_3_27\train.csv,3_3_27\val.csv,3_3_27\test.csv,0.02893184051307862,0.14403738191764737,0.1340643409617113,0.07634747200443161,1.5467084667133835,0.1515565837540696,0.48875422890210646,0.08949106528440576,0.2628329164779755,0.0737971274080465,0.35041374236780176
3_4_27,3_4_27\synth.csv,3_4_27\train.csv,3_4_27\val.csv,3_4_27\test.csv,0.10353522912961377,0.13043268542686282,0.16462248677297817,0.06383900564740798,1.3418650247962234,0.14517140051313798,0.4346615404241729,0.09109736562593884,0.23583282005826606,0.06858084186717606,0.35461621221875944
4_0_27,4_0_27\synth.csv,4_0_27\train.csv,4_0_27\val.csv,4_0_27\test.csv,0.061319416587047204,0.13398266962982563,0.1252523432457038,0.0592924542243901,1.5748444840852895,0.14573985179772336,0.4510472149283331,0.09130767063792977,0.24633357080973978,0.07052301266274438,0.30335837449019487
4_1_27,4_1_27\synth.csv,4_1_27\train.csv,4_1_27\val.csv,4_1_27\test.csv,0.06764397424735069,0.14154374891637833,0.11263321837121003,0.06470346955018348,1.394482317673447,0.14426532453854382,0.43156764333444547,0.08166376557959076,0.22431853633651203,0.08954653265911736,0.36493959723643093
4_2_27,4_2_27\synth.csv,4_2_27\train.csv,4_2_27\val.csv,4_2_27\test.csv,0.10098321277096989,0.14286326195897392,0.11363671978112834,0.048703576839942295,1.326367826303569,0.14959856597033677,0.40239530079901753,0.08571266205026817,0.2175479311479616,0.07608378676803289,0.33787852891826053
4_3_27,4_3_27\synth.csv,4_3_27\train.csv,4_3_27\val.csv,4_3_27\test.csv,0.058212275065094965,0.14403738191764737,0.11584435030695349,0.05780014195534903,1.6597083025659765,0.14319369094037296,0.4053920589546245,0.08949106528440576,0.2628329164779755,0.08255053894650685,0.35758145202673747
4_4_27,4_4_27\synth.csv,4_4_27\train.csv,4_4_27\val.csv,4_4_27\test.csv,0.10608751238340686,0.13043268542686282,0.14511538342163527,0.05365239815808889,1.4141944272875955,0.1430816046189674,0.3930308419053591,0.09109736562593884,0.23583282005826606,0.0801597186302413,0.38600725595938834
5_0_27,5_0_27\synth.csv,5_0_27\train.csv,5_0_27\val.csv,5_0_27\test.csv,0.07876128718212394,0.13398266962982563,0.12221340831462456,0.04113416566390343,1.4440492604031472,0.13681832169251348,0.4270138699936997,0.09130767063792977,0.24633357080973978,0.08039606219932223,0.33904792163192937
5_1_27,5_1_27\synth.csv,5_1_27\train.csv,5_1_27\val.csv,5_1_27\test.csv,0.08384578664668307,0.14154374891637833,0.1036111396516262,0.056131180728837174,1.4504445906674646,0.14939968195157716,0.3932466035023549,0.08166376557959076,0.22431853633651203,0.086059163918726,0.3427195075653
5_2_27,5_2_27\synth.csv,5_2_27\train.csv,5_2_27\val.csv,5_2_27\test.csv,0.10816284590854064,0.14286326195897392,0.099448573178621,0.04610316232399239,1.225690369070937,0.14641611672059474,0.3743677977457915,0.08571266205026817,0.2175479311479616,0.0769866745411473,0.31908121274385837
5_3_27,5_3_27\synth.csv,5_3_27\train.csv,5_3_27\val.csv,5_3_27\test.csv,0.10240473375350134,0.14403738191764737,0.09923885728725301,0.049887431364331956,1.474504824827188,0.14030132087692304,0.38302253630800986,0.08949106528440576,0.2628329164779755,0.0949522057090044,0.39259932815568466
5_4_27,5_4_27\synth.csv,5_4_27\train.csv,5_4_27\val.csv,5_4_27\test.csv,0.12474240506461709,0.13043268542686282,0.14300113899209574,0.04572490757107057,1.4924143761727118,0.13241257542696666,0.39424082401690763,0.09109736562593884,0.23583282005826606,0.0822824214026468,0.35730385554163385
6_0_27,6_0_27\synth.csv,6_0_27\train.csv,6_0_27\val.csv,6_0_27\test.csv,0.08832100159485168,0.13398266962982563,0.09231990603687941,0.03363846704418563,1.2848763628583184,0.13177225397372763,0.3778834612412346,0.09130767063792977,0.24633357080973978,0.08635284813845678,0.3645662192380251
6_1_27,6_1_27\synth.csv,6_1_27\train.csv,6_1_27\val.csv,6_1_27\test.csv,0.08339428518302805,0.14154374891637833,0.10798441494319695,0.047898029365479704,1.3467390178545027,0.1593332134266952,0.39988509340220757,0.08166376557959076,0.22431853633651203,0.09279370794107056,0.37258693559909506
6_2_27,6_2_27\synth.csv,6_2_27\train.csv,6_2_27\val.csv,6_2_27\test.csv,0.11059646658972311,0.14286326195897392,0.09970024211872443,0.03885540421087311,1.2410244596510003,0.13609487116983315,0.3541606683181714,0.08571266205026817,0.2175479311479616,0.09674380244748836,0.33450237365913355
6_3_27,6_3_27\synth.csv,6_3_27\train.csv,6_3_27\val.csv,6_3_27\test.csv,0.08778446654610306,0.14403738191764737,0.09663334864887822,0.04492482181902711,1.4483588904915186,0.14195179272443542,0.43912912878379406,0.08949106528440576,0.2628329164779755,0.09721290749120148,0.359965073259921
6_4_27,6_4_27\synth.csv,6_4_27\train.csv,6_4_27\val.csv,6_4_27\test.csv,0.12400583907422036,0.13043268542686282,0.1396739408540208,0.03959966937822875,1.4536395560405544,0.13360709136880383,0.3992951122730198,0.09109736562593884,0.23583282005826606,0.0882993481328111,0.33219890401321517
7_0_27,7_0_27\synth.csv,7_0_27\train.csv,7_0_27\val.csv,7_0_27\test.csv,0.09234691538204898,0.13398266962982563,0.11652877267235257,0.02726464371487267,1.2111521206481666,0.14624398758867418,0.41730414598251997,0.09130767063792977,0.24633357080973978,0.09742936251176156,0.32720186663822315
7_1_27,7_1_27\synth.csv,7_1_27\train.csv,7_1_27\val.csv,7_1_27\test.csv,0.09018389632182544,0.14154374891637833,0.06034105335729364,0.04769646351450811,1.366721881545936,0.1443225089109651,0.3736370894463288,0.08166376557959076,0.22431853633651203,0.09399627771994004,0.3344744376056138
7_2_27,7_2_27\synth.csv,7_2_27\train.csv,7_2_27\val.csv,7_2_27\test.csv,0.11729296149272461,0.14286326195897392,0.09453917294077219,0.03567956918518643,1.207906236631021,0.1496802221873183,0.33339422955557685,0.08571266205026817,0.2175479311479616,0.09027264926442397,0.2879776459694475
7_3_27,7_3_27\synth.csv,7_3_27\train.csv,7_3_27\val.csv,7_3_27\test.csv,0.08743026279368005,0.14403738191764737,0.10728018452593735,0.04711328241147396,1.4017686095672743,0.1321243477524524,0.4076523869549941,0.08949106528440576,0.2628329164779755,0.09171051153570119,0.3711280105476422
7_4_27,7_4_27\synth.csv,7_4_27\train.csv,7_4_27\val.csv,7_4_27\test.csv,0.1209008820889993,0.13043268542686282,0.1360896473330601,0.03695831567361671,1.4765200285547622,0.14229972062995677,0.35551668342167164,0.09109736562593884,0.23583282005826606,0.08679695695425149,0.34193620556711535
8_0_27,8_0_27\synth.csv,8_0_27\train.csv,8_0_27\val.csv,8_0_27\test.csv,0.09891816933256858,0.13398266962982563,0.10925763615663882,0.026811154404567727,1.199427442093502,0.14471947810834257,0.40615525224038795,0.09130767063792977,0.24633357080973978,0.08836963954508938,0.32098616708184496
8_1_27,8_1_27\synth.csv,8_1_27\train.csv,8_1_27\val.csv,8_1_27\test.csv,0.10892869106123104,0.14154374891637833,0.052063680930784,0.03987312855620967,1.5473045954095235,0.15577949069593697,0.34687634678197576,0.08166376557959076,0.22431853633651203,0.09178289115041799,0.36674718602501577
8_2_27,8_2_27\synth.csv,8_2_27\train.csv,8_2_27\val.csv,8_2_27\test.csv,0.1173391795271973,0.14286326195897392,0.10615829522569793,0.0290068521146419,1.1878777179626112,0.15290869038355398,0.39518568781415175,0.08571266205026817,0.2175479311479616,0.09494312822632296,0.3433505214265996
8_3_27,8_3_27\synth.csv,8_3_27\train.csv,8_3_27\val.csv,8_3_27\test.csv,0.09645204967357524,0.14403738191764737,0.08427953188218013,0.03882329196557136,1.5190296747217522,0.13578032748197078,0.40324728034837604,0.08949106528440576,0.2628329164779755,0.08666418527223985,0.349863767431682
8_4_27,8_4_27\synth.csv,8_4_27\train.csv,8_4_27\val.csv,8_4_27\test.csv,0.11519968755376819,0.13043268542686282,0.055191826953266965,0.033283609255140706,1.2676101619977334,0.14520541280728105,0.3530735803115722,0.09109736562593884,0.23583282005826606,0.09653572966473588,0.35360718260644736
9_0_27,9_0_27\synth.csv,9_0_27\train.csv,9_0_27\val.csv,9_0_27\test.csv,0.10673948945534362,0.13398266962982563,0.10307953333512014,0.016856871471332243,1.1591331068705775,0.13855728867140066,0.3983446472244242,0.09130767063792977,0.24633357080973978,0.090098304868537,0.32322451016571174
9_1_27,9_1_27\synth.csv,9_1_27\train.csv,9_1_27\val.csv,9_1_27\test.csv,0.12291933270122468,0.14154374891637833,0.07957635181499556,0.032834900158004346,1.5479113900336385,0.15069645779010943,0.40220071399524604,0.08166376557959076,0.22431853633651203,0.09799970327269057,0.3357665833361571
9_2_27,9_2_27\synth.csv,9_2_27\train.csv,9_2_27\val.csv,9_2_27\test.csv,0.11501393315223896,0.14286326195897392,0.08238533835184135,0.021987100926619742,1.0765384602558012,0.1497359857227334,0.36106149437421386,0.08571266205026817,0.2175479311479616,0.10170653353492505,0.3103067722318489
9_3_27,9_3_27\synth.csv,9_3_27\train.csv,9_3_27\val.csv,9_3_27\test.csv,0.1077548080983608,0.14403738191764737,0.06587952092466086,0.03795593327768395,1.4932175407611668,0.1452597091223238,0.394318906435877,0.08949106528440576,0.2628329164779755,0.0975377693470514,0.3861495109952736
9_4_27,9_4_27\synth.csv,9_4_27\train.csv,9_4_27\val.csv,9_4_27\test.csv,0.12214521830732872,0.13043268542686282,0.04096382456980883,0.02698538141188507,1.255389589898471,0.13227780281243046,0.37795393474247874,0.09109736562593884,0.23583282005826606,0.1020638633122232,0.3367143618070668
0_0_28,0_0_28\synth.csv,0_0_28\train.csv,0_0_28\val.csv,0_0_28\test.csv,-0.19255411984969317,0.13398266962982563,0.22084838879584745,0.1123107494762006,2.16476001768377,0.13822933529446418,0.48462074689831347,0.09130767063792977,0.24633357080973978,0.07283874540198282,0.3746708739259661
0_1_28,0_1_28\synth.csv,0_1_28\train.csv,0_1_28\val.csv,0_1_28\test.csv,-0.1860565509511245,0.14154374891637833,0.22944166354848292,0.12658206907247826,2.144651904907714,0.13962669353621465,0.4775201201190581,0.08166376557959076,0.22431853633651203,0.07906335927717999,0.35652592821653795
0_2_28,0_2_28\synth.csv,0_2_28\train.csv,0_2_28\val.csv,0_2_28\test.csv,-0.2639740557073589,0.14286326195897392,0.23764987194497922,0.11315066754583014,1.9858362474831255,0.14077903019892776,0.47124058558456317,0.08571266205026817,0.2175479311479616,0.07041408089299603,0.32207929679830477
0_3_28,0_3_28\synth.csv,0_3_28\train.csv,0_3_28\val.csv,0_3_28\test.csv,-0.23713060010213094,0.14403738191764737,0.24189493452942465,0.11285216387345448,2.1787987472151813,0.13498656479971916,0.5682196426304367,0.08949106528440576,0.2628329164779755,0.07085006176335179,0.3947107970325451
0_4_28,0_4_28\synth.csv,0_4_28\train.csv,0_4_28\val.csv,0_4_28\test.csv,-0.21211168127061675,0.13043268542686282,0.21224424564883346,0.10854836109595115,2.2644847681551776,0.1232139063709087,0.5156211426321696,0.09109736562593884,0.23583282005826606,0.07043157924329685,0.3710400383672382
1_0_28,1_0_28\synth.csv,1_0_28\train.csv,1_0_28\val.csv,1_0_28\test.csv,0.10414619938013447,0.13398266962982563,0.17879238950476872,0.08080507766357732,1.4951296970295007,0.13637398250083657,0.45916945100769013,0.09130767063792977,0.24633357080973978,0.06801063071546187,0.33633775082957973
1_1_28,1_1_28\synth.csv,1_1_28\train.csv,1_1_28\val.csv,1_1_28\test.csv,-0.1481161656582981,0.14154374891637833,0.24970228669201325,0.10628393860267552,1.3647349470756944,0.14833877114251476,0.4949851335179288,0.08166376557959076,0.22431853633651203,0.08651154990157985,0.34954277207806383
1_2_28,1_2_28\synth.csv,1_2_28\train.csv,1_2_28\val.csv,1_2_28\test.csv,0.06546866671177831,0.14286326195897392,0.17234192224942688,0.08590206895112809,1.158167425332701,0.14710877901526723,0.41406445254827895,0.08571266205026817,0.2175479311479616,0.0825600440386802,0.40848265102716086
1_3_28,1_3_28\synth.csv,1_3_28\train.csv,1_3_28\val.csv,1_3_28\test.csv,0.051435757556133055,0.14403738191764737,0.15077486793611514,0.09683692602449648,1.727031423594593,0.12866599577557208,0.5395469272320652,0.08949106528440576,0.2628329164779755,0.06361496104203786,0.3773290092617847
1_4_28,1_4_28\synth.csv,1_4_28\train.csv,1_4_28\val.csv,1_4_28\test.csv,0.14295853258176738,0.13043268542686282,0.12377577276813263,0.07998243423114391,1.4454466025556618,0.13625947959182794,0.46859243411163576,0.09109736562593884,0.23583282005826606,0.06732237333707336,0.35431249153590183
2_0_28,2_0_28\synth.csv,2_0_28\train.csv,2_0_28\val.csv,2_0_28\test.csv,0.02602208748687629,0.13398266962982563,0.18485554976289453,0.07967218081631187,1.1509129986053594,0.14739500146580703,0.46873517352266714,0.09130767063792977,0.24633357080973978,0.07395718238532925,0.3859803141702068
2_1_28,2_1_28\synth.csv,2_1_28\train.csv,2_1_28\val.csv,2_1_28\test.csv,0.06972585892111072,0.14154374891637833,0.13422477305518532,0.07166500161556255,1.2839195615730594,0.1558250032078219,0.4521974804582305,0.08166376557959076,0.22431853633651203,0.08064273166263167,0.3549601270116495
2_2_28,2_2_28\synth.csv,2_2_28\train.csv,2_2_28\val.csv,2_2_28\test.csv,0.09848276589805194,0.14286326195897392,0.10723756878043074,0.07323599786647476,1.264183433505152,0.13931230939451061,0.42851540933383847,0.08571266205026817,0.2175479311479616,0.08091606725151061,0.406990836089982
2_3_28,2_3_28\synth.csv,2_3_28\train.csv,2_3_28\val.csv,2_3_28\test.csv,0.029348745670703225,0.14403738191764737,0.14588775113407193,0.08099099310147123,1.683273828731677,0.14042030709304726,0.3791024430553688,0.08949106528440576,0.2628329164779755,0.07176068520197142,0.3803635208551217
2_4_28,2_4_28\synth.csv,2_4_28\train.csv,2_4_28\val.csv,2_4_28\test.csv,0.07570073887766349,0.13043268542686282,0.1564162218373152,0.07654059409383199,1.2284535559558065,0.1238191269792516,0.41577654405670517,0.09109736562593884,0.23583282005826606,0.07442123285946566,0.38044880552438853
3_0_28,3_0_28\synth.csv,3_0_28\train.csv,3_0_28\val.csv,3_0_28\test.csv,0.043960697689614414,0.13398266962982563,0.17247094309912495,0.06493082509095778,1.270021520298135,0.12455533455613249,0.39849106100995335,0.09130767063792977,0.24633357080973978,0.07505672590792528,0.31427578537508105
3_1_28,3_1_28\synth.csv,3_1_28\train.csv,3_1_28\val.csv,3_1_28\test.csv,0.06279751891889196,0.14154374891637833,0.10840886308323572,0.06989904029013766,1.2405973872846954,0.1506002827522459,0.4058481260186386,0.08166376557959076,0.22431853633651203,0.07960342580288107,0.3601119254209414
3_2_28,3_2_28\synth.csv,3_2_28\train.csv,3_2_28\val.csv,3_2_28\test.csv,0.031971267189695785,0.14286326195897392,0.1234983311975727,0.06928244772437787,1.1008915829826733,0.13404006158659523,0.4032536743207473,0.08571266205026817,0.2175479311479616,0.08181309159937926,0.3495371907268456
3_3_28,3_3_28\synth.csv,3_3_28\train.csv,3_3_28\val.csv,3_3_28\test.csv,-0.0009830858421433497,0.14403738191764737,0.1424333720025561,0.08067037424261003,1.5081224060487677,0.143542541223309,0.44394416788754576,0.08949106528440576,0.2628329164779755,0.06691235056160183,0.35532992506874994
3_4_28,3_4_28\synth.csv,3_4_28\train.csv,3_4_28\val.csv,3_4_28\test.csv,0.09849463837959938,0.13043268542686282,0.15988837987706614,0.06514166209253439,1.310864815407577,0.11864946747270827,0.41927301296613606,0.09109736562593884,0.23583282005826606,0.07275215475192805,0.3312263489117847
4_0_28,4_0_28\synth.csv,4_0_28\train.csv,4_0_28\val.csv,4_0_28\test.csv,0.0661109440788078,0.13398266962982563,0.11962239595058904,0.05837600704116841,1.6355868532291111,0.12213728319666937,0.3563439306367594,0.09130767063792977,0.24633357080973978,0.08089230556150646,0.3579716450279456
4_1_28,4_1_28\synth.csv,4_1_28\train.csv,4_1_28\val.csv,4_1_28\test.csv,0.06958199971618129,0.14154374891637833,0.1122703397166535,0.06428734815463574,1.4122683763369361,0.1522987723509745,0.4123415938560109,0.08166376557959076,0.22431853633651203,0.0849287746383234,0.35045141889785814
4_2_28,4_2_28\synth.csv,4_2_28\train.csv,4_2_28\val.csv,4_2_28\test.csv,0.10016734796422921,0.14286326195897392,0.1069703797311342,0.04908695662765286,1.1964239062273858,0.15395761785661066,0.41396187556546604,0.08571266205026817,0.2175479311479616,0.08074548604412607,0.3650557361635406
4_3_28,4_3_28\synth.csv,4_3_28\train.csv,4_3_28\val.csv,4_3_28\test.csv,0.045376035483739696,0.14403738191764737,0.13885558172083162,0.060181426381829724,1.626347838847544,0.1499826903089746,0.4258707337348112,0.08949106528440576,0.2628329164779755,0.06625039148883978,0.37198529322201423
4_4_28,4_4_28\synth.csv,4_4_28\train.csv,4_4_28\val.csv,4_4_28\test.csv,0.10526242677828268,0.13043268542686282,0.15504477698473096,0.0575345367202231,1.3738568688886552,0.134427428755642,0.3598778253547224,0.09109736562593884,0.23583282005826606,0.07518777971097539,0.3581991586137024
5_0_28,5_0_28\synth.csv,5_0_28\train.csv,5_0_28\val.csv,5_0_28\test.csv,0.0865469884412684,0.13398266962982563,0.10193439148898538,0.04052403428358128,1.4497320578650652,0.13850075811250073,0.4263121377379521,0.09130767063792977,0.24633357080973978,0.07943900718355076,0.3357520474069057
5_1_28,5_1_28\synth.csv,5_1_28\train.csv,5_1_28\val.csv,5_1_28\test.csv,0.100338542323678,0.14154374891637833,0.09108856646415964,0.05521343280064224,1.447336344942758,0.15396180500895845,0.37765555850576005,0.08166376557959076,0.22431853633651203,0.0884236333461669,0.3668465911649149
5_2_28,5_2_28\synth.csv,5_2_28\train.csv,5_2_28\val.csv,5_2_28\test.csv,0.11273317079689393,0.14286326195897392,0.1020416616025168,0.04807329740831563,1.2379974164975802,0.14475766108789528,0.42381836073434376,0.08571266205026817,0.2175479311479616,0.07478270555591368,0.3270822156683086
5_3_28,5_3_28\synth.csv,5_3_28\train.csv,5_3_28\val.csv,5_3_28\test.csv,0.06137432092436701,0.14403738191764737,0.102440506072954,0.05162140166665046,1.3923387672188987,0.13611896432214532,0.3585224682459224,0.08949106528440576,0.2628329164779755,0.08315496558365451,0.3226071179298875
5_4_28,5_4_28\synth.csv,5_4_28\train.csv,5_4_28\val.csv,5_4_28\test.csv,0.12746222952305952,0.13043268542686282,0.13596877867289234,0.047580369280228796,1.6105913895372308,0.1330030052822481,0.3936436280089297,0.09109736562593884,0.23583282005826606,0.07665499265233529,0.3635170670677141
6_0_28,6_0_28\synth.csv,6_0_28\train.csv,6_0_28\val.csv,6_0_28\test.csv,0.09089394328439371,0.13398266962982563,0.08157286976827212,0.0299842168473956,1.280684056464463,0.12994209631755727,0.4108943971615759,0.09130767063792977,0.24633357080973978,0.07544085919145097,0.3453185122439823
6_1_28,6_1_28\synth.csv,6_1_28\train.csv,6_1_28\val.csv,6_1_28\test.csv,0.10432091270375488,0.14154374891637833,0.10856201642831964,0.04907217602582881,1.3475313287558137,0.1430515901086803,0.33281016704693045,0.08166376557959076,0.22431853633651203,0.09390535604411993,0.37538501045730344
6_2_28,6_2_28\synth.csv,6_2_28\train.csv,6_2_28\val.csv,6_2_28\test.csv,0.11902052200011004,0.14286326195897392,0.08968980044183007,0.04357219826647533,1.1692399114993326,0.15280979123643448,0.4011972083975274,0.08571266205026817,0.2175479311479616,0.08578021429638856,0.35255876020065374
6_3_28,6_3_28\synth.csv,6_3_28\train.csv,6_3_28\val.csv,6_3_28\test.csv,0.07990128183643341,0.14403738191764737,0.10975343158487551,0.04685515312072184,1.2914064863745884,0.1362282233702654,0.3885890239673269,0.08949106528440576,0.2628329164779755,0.07746238482946548,0.3108838205860231
6_4_28,6_4_28\synth.csv,6_4_28\train.csv,6_4_28\val.csv,6_4_28\test.csv,0.12396497681519658,0.13043268542686282,0.13631080428904827,0.039173068392628366,1.5144840677229603,0.13996825745147212,0.3929237543643018,0.09109736562593884,0.23583282005826606,0.07536394824191545,0.35792863255847057
7_0_28,7_0_28\synth.csv,7_0_28\train.csv,7_0_28\val.csv,7_0_28\test.csv,0.09631693063882796,0.13398266962982563,0.09767830461170561,0.027693288171703873,1.2279312606581838,0.1288227921792482,0.36781468535079825,0.09130767063792977,0.24633357080973978,0.08879811701626099,0.32456732789049647
7_1_28,7_1_28\synth.csv,7_1_28\train.csv,7_1_28\val.csv,7_1_28\test.csv,0.10232002037123777,0.14154374891637833,0.05664954018608406,0.04573564945695116,1.3654936452246926,0.1436406732162292,0.3732098135215719,0.08166376557959076,0.22431853633651203,0.08644690849928782,0.33338642309312827
7_2_28,7_2_28\synth.csv,7_2_28\train.csv,7_2_28\val.csv,7_2_28\test.csv,0.1289794219475806,0.14286326195897392,0.0986052607256749,0.038841310767827285,1.161426779465726,0.14502794471733163,0.3621183155982162,0.08571266205026817,0.2175479311479616,0.08221759906622655,0.33296640462815336
7_3_28,7_3_28\synth.csv,7_3_28\train.csv,7_3_28\val.csv,7_3_28\test.csv,0.07294665038855552,0.14403738191764737,0.11791953256241001,0.048706827844055965,1.3668024191414168,0.1306124723518105,0.3956523742645195,0.08949106528440576,0.2628329164779755,0.08232152175870419,0.33121075078582757
7_4_28,7_4_28\synth.csv,7_4_28\train.csv,7_4_28\val.csv,7_4_28\test.csv,0.1272949044953562,0.13043268542686282,0.12761613538560604,0.035671216703077116,1.4158595188288774,0.14332531249470068,0.37468246611281925,0.09109736562593884,0.23583282005826606,0.08533048517504649,0.3524178225562321
8_0_28,8_0_28\synth.csv,8_0_28\train.csv,8_0_28\val.csv,8_0_28\test.csv,0.09224254437893109,0.13398266962982563,0.09826536495730187,0.02575464997291152,1.231615490092563,0.12867219417937326,0.3697577326679491,0.09130767063792977,0.24633357080973978,0.0854999081644933,0.3535517603281021
8_1_28,8_1_28\synth.csv,8_1_28\train.csv,8_1_28\val.csv,8_1_28\test.csv,0.10408743863519387,0.14154374891637833,0.05124880311340411,0.03826540945335169,1.4670304380950616,0.15560919509954463,0.40920135450474937,0.08166376557959076,0.22431853633651203,0.09453006535064892,0.3272382252703606
8_2_28,8_2_28\synth.csv,8_2_28\train.csv,8_2_28\val.csv,8_2_28\test.csv,0.12520097120987295,0.14286326195897392,0.09420652409753015,0.030272973321678123,1.1025967385786186,0.15191417138756264,0.3737822584764437,0.08571266205026817,0.2175479311479616,0.08816596468620175,0.37057905183381584
8_3_28,8_3_28\synth.csv,8_3_28\train.csv,8_3_28\val.csv,8_3_28\test.csv,0.08107876320838292,0.14403738191764737,0.09428917232666138,0.039103137499299806,1.3729699659973484,0.14219593369955913,0.366063706707928,0.08949106528440576,0.2628329164779755,0.07999704378537514,0.34307626752219433
8_4_28,8_4_28\synth.csv,8_4_28\train.csv,8_4_28\val.csv,8_4_28\test.csv,0.12070757708189261,0.13043268542686282,0.0627742003517828,0.031711141529723624,1.1618161176148778,0.13606502460871234,0.37955907597356897,0.09109736562593884,0.23583282005826606,0.09947279659868119,0.35172894162220025
9_0_28,9_0_28\synth.csv,9_0_28\train.csv,9_0_28\val.csv,9_0_28\test.csv,0.10427159343321868,0.13398266962982563,0.10485344028878384,0.0183096705232441,1.1876248465893673,0.1521173089469541,0.37333034943330723,0.09130767063792977,0.24633357080973978,0.10895938718811808,0.34571610273280307
9_1_28,9_1_28\synth.csv,9_1_28\train.csv,9_1_28\val.csv,9_1_28\test.csv,0.1203433767748322,0.14154374891637833,0.07617977269185634,0.03404409200576411,1.5707764280622938,0.14863716533005655,0.3703689703028947,0.08166376557959076,0.22431853633651203,0.0972964335329816,0.36736171246085736
9_2_28,9_2_28\synth.csv,9_2_28\train.csv,9_2_28\val.csv,9_2_28\test.csv,0.12026652446370056,0.14286326195897392,0.06198828177514776,0.022345106451861354,1.0363474910854442,0.14489310406845807,0.37454157345750994,0.08571266205026817,0.2175479311479616,0.10823875674447364,0.35869016535151527
9_3_28,9_3_28\synth.csv,9_3_28\train.csv,9_3_28\val.csv,9_3_28\test.csv,0.09771324603006803,0.14403738191764737,0.07154346741703926,0.036082248037759855,1.3971348470328582,0.14714832681113058,0.393666574530714,0.08949106528440576,0.2628329164779755,0.0949012948381528,0.36476117720688944
9_4_28,9_4_28\synth.csv,9_4_28\train.csv,9_4_28\val.csv,9_4_28\test.csv,0.11225426832189822,0.13043268542686282,0.05180056009291586,0.025858395663823693,1.1522287270780645,0.14536193762815097,0.3940811841033916,0.09109736562593884,0.23583282005826606,0.0964935644372356,0.35357698817180494
0_0_29,0_0_29\synth.csv,0_0_29\train.csv,0_0_29\val.csv,0_0_29\test.csv,-0.1767890607258502,0.13398266962982563,0.22376290435089144,0.11102315429706916,2.1809390290461823,0.14169074787157632,0.48338257176907296,0.09130767063792977,0.24633357080973978,0.07326395685146339,0.34704740052559696
0_1_29,0_1_29\synth.csv,0_1_29\train.csv,0_1_29\val.csv,0_1_29\test.csv,-0.16705249533883104,0.14154374891637833,0.23692097147818067,0.12396384203834851,2.1338953234715508,0.13735587364824237,0.4917227584299021,0.08166376557959076,0.22431853633651203,0.07570995341556519,0.37867612715306403
0_2_29,0_2_29\synth.csv,0_2_29\train.csv,0_2_29\val.csv,0_2_29\test.csv,-0.2650199536984714,0.14286326195897392,0.2425288941999463,0.11199380879644814,1.9600420432475478,0.13137182858127333,0.5749892504930021,0.08571266205026817,0.2175479311479616,0.07604413972606963,0.3853892549846948
0_3_29,0_3_29\synth.csv,0_3_29\train.csv,0_3_29\val.csv,0_3_29\test.csv,-0.2482635241517568,0.14403738191764737,0.25275119793651224,0.11230657516918247,2.155511838191423,0.12414408934971644,0.541209767076214,0.08949106528440576,0.2628329164779755,0.07339265333853903,0.365451898159765
0_4_29,0_4_29\synth.csv,0_4_29\train.csv,0_4_29\val.csv,0_4_29\test.csv,-0.21257030098349672,0.13043268542686282,0.2185858746821938,0.11292728931243846,2.282007953917834,0.14381025577900056,0.5574877845913049,0.09109736562593884,0.23583282005826606,0.0722607990975892,0.373893203673357
1_0_29,1_0_29\synth.csv,1_0_29\train.csv,1_0_29\val.csv,1_0_29\test.csv,0.13215175669029344,0.13398266962982563,0.16353892506948273,0.0773648227924047,1.6004671402166002,0.1395940337886746,0.5262068294506212,0.09130767063792977,0.24633357080973978,0.07071576211968908,0.32571398413080044
1_1_29,1_1_29\synth.csv,1_1_29\train.csv,1_1_29\val.csv,1_1_29\test.csv,-0.1418423282655885,0.14154374891637833,0.24833697708421196,0.10611113134029682,1.4032981331230232,0.14750709679740448,0.4706373300843104,0.08166376557959076,0.22431853633651203,0.11595138501277974,0.3849889425408408
1_2_29,1_2_29\synth.csv,1_2_29\train.csv,1_2_29\val.csv,1_2_29\test.csv,0.0733241842561464,0.14286326195897392,0.17462594827587097,0.0803456036767348,1.1997466784821873,0.14608718934993092,0.4192032073153893,0.08571266205026817,0.2175479311479616,0.07371293316320873,0.3623835510608806
1_3_29,1_3_29\synth.csv,1_3_29\train.csv,1_3_29\val.csv,1_3_29\test.csv,-0.06184637399232917,0.14403738191764737,0.1479190396380902,0.09637365985258885,1.758694308544668,0.13870130526827545,0.39988014238737846,0.08949106528440576,0.2628329164779755,0.06566165290146248,0.4043974972782475
1_4_29,1_4_29\synth.csv,1_4_29\train.csv,1_4_29\val.csv,1_4_29\test.csv,0.13154412136229743,0.13043268542686282,0.12805981352055837,0.08732644008157044,1.4017089478938487,0.1400508434758246,0.4519019206586734,0.09109736562593884,0.23583282005826606,0.07540264902676615,0.342639166461598
2_0_29,2_0_29\synth.csv,2_0_29\train.csv,2_0_29\val.csv,2_0_29\test.csv,0.04856758040948428,0.13398266962982563,0.16975370403609313,0.07747614496535958,1.2797296018314388,0.13346563549141457,0.3913526868560625,0.09130767063792977,0.24633357080973978,0.07058286985265382,0.3243463005607766
2_1_29,2_1_29\synth.csv,2_1_29\train.csv,2_1_29\val.csv,2_1_29\test.csv,0.06350786892647708,0.14154374891637833,0.15163205372991526,0.07642535406777484,1.0979478169603873,0.1512823127840157,0.44713029427978535,0.08166376557959076,0.22431853633651203,0.07867213638041634,0.3637280267515994
2_2_29,2_2_29\synth.csv,2_2_29\train.csv,2_2_29\val.csv,2_2_29\test.csv,0.10306818112866223,0.14286326195897392,0.11221247338720569,0.06691348647336373,1.2691708974306366,0.1434197838354056,0.45158231973472174,0.08571266205026817,0.2175479311479616,0.0777521413474312,0.3517644795063626
2_3_29,2_3_29\synth.csv,2_3_29\train.csv,2_3_29\val.csv,2_3_29\test.csv,0.11138619880262246,0.14403738191764737,0.14835884343998565,0.07993477442217027,1.6570841662015292,0.14805460699072465,0.455750718403528,0.08949106528440576,0.2628329164779755,0.07472406934155107,0.3484266514644879
2_4_29,2_4_29\synth.csv,2_4_29\train.csv,2_4_29\val.csv,2_4_29\test.csv,0.070455909715469,0.13043268542686282,0.1681853274890831,0.08084649596483916,1.1691289651970151,0.14247565028575399,0.4918544842198196,0.09109736562593884,0.23583282005826606,0.08012065159487881,0.3716377476656957
3_0_29,3_0_29\synth.csv,3_0_29\train.csv,3_0_29\val.csv,3_0_29\test.csv,0.04942040964601102,0.13398266962982563,0.17819676819005514,0.0631297247534001,1.3813998903043245,0.14329026604942607,0.44633288932304416,0.09130767063792977,0.24633357080973978,0.07458516698822817,0.3408165152788827
3_1_29,3_1_29\synth.csv,3_1_29\train.csv,3_1_29\val.csv,3_1_29\test.csv,0.05023431635881748,0.14154374891637833,0.1101613352707,0.07009069798873961,1.22046772857511,0.15029731446441677,0.4221462607802836,0.08166376557959076,0.22431853633651203,0.08415402809964011,0.3663870611260005
3_2_29,3_2_29\synth.csv,3_2_29\train.csv,3_2_29\val.csv,3_2_29\test.csv,0.04984049231541854,0.14286326195897392,0.11917603216209094,0.06526692754478466,1.1321320578631549,0.147187651230701,0.46696877194385855,0.08571266205026817,0.2175479311479616,0.08228083050268266,0.3241237387912256
3_3_29,3_3_29\synth.csv,3_3_29\train.csv,3_3_29\val.csv,3_3_29\test.csv,0.01386268143843361,0.14403738191764737,0.1397747807778641,0.07690252036874515,1.4717292529075348,0.1433630022992713,0.43896657598288513,0.08949106528440576,0.2628329164779755,0.0762310731467679,0.3497965594206823
3_4_29,3_4_29\synth.csv,3_4_29\train.csv,3_4_29\val.csv,3_4_29\test.csv,0.07972249184922964,0.13043268542686282,0.17176515483725616,0.06691484210058152,1.245989124996745,0.15030977439341958,0.3990828874004982,0.09109736562593884,0.23583282005826606,0.07735160209335282,0.3661940786742863
4_0_29,4_0_29\synth.csv,4_0_29\train.csv,4_0_29\val.csv,4_0_29\test.csv,0.06414911184539451,0.13398266962982563,0.12272742140043685,0.05625754518898221,1.6212095000670592,0.13801059652401065,0.41052627592171403,0.09130767063792977,0.24633357080973978,0.07589524438447923,0.3540300990062417
4_1_29,4_1_29\synth.csv,4_1_29\train.csv,4_1_29\val.csv,4_1_29\test.csv,0.07062171974425802,0.14154374891637833,0.10894894068067473,0.0647385000206722,1.4186159635729656,0.15929628881177452,0.41177417703173563,0.08166376557959076,0.22431853633651203,0.09104007546994038,0.4107182390202547
4_2_29,4_2_29\synth.csv,4_2_29\train.csv,4_2_29\val.csv,4_2_29\test.csv,0.10687542751588874,0.14286326195897392,0.1095512407648707,0.04700582091161022,1.195799127785138,0.15285163979410168,0.39755935747129023,0.08571266205026817,0.2175479311479616,0.08910519517024133,0.33643833657030564
4_3_29,4_3_29\synth.csv,4_3_29\train.csv,4_3_29\val.csv,4_3_29\test.csv,0.03987867754518015,0.14403738191764737,0.13815623878427863,0.05778156601692093,1.6496688425538655,0.14495726441977402,0.43965865042926644,0.08949106528440576,0.2628329164779755,0.07709632007195538,0.3424895155731409
4_4_29,4_4_29\synth.csv,4_4_29\train.csv,4_4_29\val.csv,4_4_29\test.csv,0.1021356979879946,0.13043268542686282,0.15927469041739203,0.05701285889100716,1.3652226491692785,0.1481162520200862,0.3812998011419345,0.09109736562593884,0.23583282005826606,0.07821183458722003,0.3715329971052833
5_0_29,5_0_29\synth.csv,5_0_29\train.csv,5_0_29\val.csv,5_0_29\test.csv,0.08872110395325827,0.13398266962982563,0.11355922789060718,0.03780647885726154,1.3460169688625923,0.1323734699223619,0.392801301031395,0.09130767063792977,0.24633357080973978,0.08833269684543524,0.36207330466986376
5_1_29,5_1_29\synth.csv,5_1_29\train.csv,5_1_29\val.csv,5_1_29\test.csv,0.09574864400469218,0.14154374891637833,0.10797130144936894,0.05882375316981038,1.5381892934001076,0.1614812819588867,0.3778135888399917,0.08166376557959076,0.22431853633651203,0.08798260644740098,0.38219014383342076
5_2_29,5_2_29\synth.csv,5_2_29\train.csv,5_2_29\val.csv,5_2_29\test.csv,0.11955490379245481,0.14286326195897392,0.10626479145034994,0.044918494758071664,1.1567329786042033,0.13226356707924875,0.379439128747815,0.08571266205026817,0.2175479311479616,0.08343386869521896,0.3216284771984165
5_3_29,5_3_29\synth.csv,5_3_29\train.csv,5_3_29\val.csv,5_3_29\test.csv,0.08284514169911117,0.14403738191764737,0.09955789738475174,0.05006558570985743,1.4439062351738223,0.147268500864419,0.3945174282235139,0.08949106528440576,0.2628329164779755,0.09187099002072682,0.37058278646708587
5_4_29,5_4_29\synth.csv,5_4_29\train.csv,5_4_29\val.csv,5_4_29\test.csv,0.1556441781548974,0.13043268542686282,0.1374891430339262,0.04522471169637374,1.58381979221334,0.15159062940733628,0.39752852766214875,0.09109736562593884,0.23583282005826606,0.07945416560825577,0.37132065760569405
6_0_29,6_0_29\synth.csv,6_0_29\train.csv,6_0_29\val.csv,6_0_29\test.csv,0.08586374748296943,0.13398266962982563,0.09029607585789871,0.029793785164002783,1.2685966187817184,0.13481750532281545,0.4024958092866864,0.09130767063792977,0.24633357080973978,0.09090969148714455,0.35894341832942034
6_1_29,6_1_29\synth.csv,6_1_29\train.csv,6_1_29\val.csv,6_1_29\test.csv,0.08387687712557634,0.14154374891637833,0.11073013830148563,0.05216072197442296,1.3653168262580246,0.1570830064250187,0.41807708086699236,0.08166376557959076,0.22431853633651203,0.08474908513245864,0.2935526879194221
6_2_29,6_2_29\synth.csv,6_2_29\train.csv,6_2_29\val.csv,6_2_29\test.csv,0.11498180583463058,0.14286326195897392,0.11261069044142728,0.04292406777613269,1.1856003328310931,0.1250155995669921,0.34088525695480787,0.08571266205026817,0.2175479311479616,0.08376152505503265,0.32619468755427283
6_3_29,6_3_29\synth.csv,6_3_29\train.csv,6_3_29\val.csv,6_3_29\test.csv,0.10374817124397728,0.14403738191764737,0.0999820270078572,0.04401165200311158,1.3311479331124711,0.1419769599394135,0.39907420476500166,0.08949106528440576,0.2628329164779755,0.09687057133294913,0.3842693271266979
6_4_29,6_4_29\synth.csv,6_4_29\train.csv,6_4_29\val.csv,6_4_29\test.csv,0.11554161199913604,0.13043268542686282,0.15112382505810804,0.03614263974745745,1.4780845135818703,0.14566291119579314,0.41219616505586,0.09109736562593884,0.23583282005826606,0.08796677801387687,0.3491216322003672
7_0_29,7_0_29\synth.csv,7_0_29\train.csv,7_0_29\val.csv,7_0_29\test.csv,0.0924730070622033,0.13398266962982563,0.10574791630430729,0.02736696995441314,1.1957260472327722,0.14702087755374893,0.42045703506797044,0.09130767063792977,0.24633357080973978,0.10897110421463149,0.3453135162467852
7_1_29,7_1_29\synth.csv,7_1_29\train.csv,7_1_29\val.csv,7_1_29\test.csv,0.09574929921232422,0.14154374891637833,0.053826557561588405,0.049728378103427326,1.4548693483071227,0.1481551633889303,0.38974751326830265,0.08166376557959076,0.22431853633651203,0.10311497291467811,0.3692470475818971
7_2_29,7_2_29\synth.csv,7_2_29\train.csv,7_2_29\val.csv,7_2_29\test.csv,0.12279764062238963,0.14286326195897392,0.10845148488514729,0.03727397871332111,1.1628475258154978,0.12933771330757055,0.35892362571273895,0.08571266205026817,0.2175479311479616,0.0961242483227148,0.3717957194874153
7_3_29,7_3_29\synth.csv,7_3_29\train.csv,7_3_29\val.csv,7_3_29\test.csv,0.0860345436088098,0.14403738191764737,0.09953113839625631,0.047797244131073335,1.378303190347429,0.13952320713564073,0.44045086775485376,0.08949106528440576,0.2628329164779755,0.09951558448689869,0.3983933491253268
7_4_29,7_4_29\synth.csv,7_4_29\train.csv,7_4_29\val.csv,7_4_29\test.csv,0.12317653364887016,0.13043268542686282,0.14591255543231632,0.03340113224412711,1.4981830644156728,0.1571547324245468,0.3876128231605592,0.09109736562593884,0.23583282005826606,0.0911331918583023,0.3358497525687665
8_0_29,8_0_29\synth.csv,8_0_29\train.csv,8_0_29\val.csv,8_0_29\test.csv,0.09747220628543685,0.13398266962982563,0.10802565800595752,0.02517104366772058,1.2236128246627942,0.14446532403129092,0.38260005203613523,0.09130767063792977,0.24633357080973978,0.09887238298792425,0.3460016589018874
8_1_29,8_1_29\synth.csv,8_1_29\train.csv,8_1_29\val.csv,8_1_29\test.csv,0.1136396261938657,0.14154374891637833,0.05096386158919492,0.040390948739772434,1.5696779040074726,0.1656893790356177,0.4039586811666298,0.08166376557959076,0.22431853633651203,0.09068424198639882,0.3709591448069959
8_2_29,8_2_29\synth.csv,8_2_29\train.csv,8_2_29\val.csv,8_2_29\test.csv,0.11123290973368227,0.14286326195897392,0.10720922647035919,0.030504941995896945,1.1844049608413802,0.12821281012507696,0.36079199809936124,0.08571266205026817,0.2175479311479616,0.10758395440781726,0.3498167257300837
8_3_29,8_3_29\synth.csv,8_3_29\train.csv,8_3_29\val.csv,8_3_29\test.csv,0.10949942788654232,0.14403738191764737,0.08372460286437573,0.03733721981553319,1.3900900508878051,0.1391337079084902,0.41264212459785254,0.08949106528440576,0.2628329164779755,0.09425944123071647,0.35892730499652714
8_4_29,8_4_29\synth.csv,8_4_29\train.csv,8_4_29\val.csv,8_4_29\test.csv,0.11200792375967639,0.13043268542686282,0.06867837058763093,0.02929480702581495,1.2497938443547638,0.1501942115316201,0.36202823804450596,0.09109736562593884,0.23583282005826606,0.1081243534706086,0.3534496826246581
9_0_29,9_0_29\synth.csv,9_0_29\train.csv,9_0_29\val.csv,9_0_29\test.csv,0.1028268106573964,0.13398266962982563,0.10146235879584482,0.016765766373835193,1.1698642031553828,0.1358763729936938,0.3437350007072489,0.09130767063792977,0.24633357080973978,0.10282203826613465,0.33522802668354745
9_1_29,9_1_29\synth.csv,9_1_29\train.csv,9_1_29\val.csv,9_1_29\test.csv,0.11142795730123434,0.14154374891637833,0.07811705076887,0.034099152357996806,1.5622911520012221,0.16408116615837035,0.41237568094876254,0.08166376557959076,0.22431853633651203,0.0931052072623795,0.3656762393980434
9_2_29,9_2_29\synth.csv,9_2_29\train.csv,9_2_29\val.csv,9_2_29\test.csv,0.1162596812233685,0.14286326195897392,0.0896398103432639,0.022237300526573998,1.0743731350495922,0.13486457942544142,0.38669485250492086,0.08571266205026817,0.2175479311479616,0.10616563429809991,0.36830655818700103
9_3_29,9_3_29\synth.csv,9_3_29\train.csv,9_3_29\val.csv,9_3_29\test.csv,0.10358886735860684,0.14403738191764737,0.06178746345310673,0.037125908419541866,1.4202810246036566,0.14277809340747638,0.3890360779680373,0.08949106528440576,0.2628329164779755,0.09880168749105991,0.3442565610976044
9_4_29,9_4_29\synth.csv,9_4_29\train.csv,9_4_29\val.csv,9_4_29\test.csv,0.11582989899925888,0.13043268542686282,0.05807256775798419,0.026172634843521347,1.2364549122437056,0.15115865706541504,0.3716239947637776,0.09109736562593884,0.23583282005826606,0.12047113801015591,0.3758198380219971
